0.088622 0.073250 0.073603 0.073250 0.088572 0.065005 0.073603 0.065005 0.088594 
0.088595 0.066298 0.066393 0.066298 0.088592 0.088489 0.066393 0.088489 0.088593 
0.088593 0.054004 0.071534 0.054004 0.088742 0.061227 0.071534 0.061227 0.088597 
0.088572 0.065005 0.064326 0.065005 0.088594 0.087160 0.064326 0.087160 0.088593 
0.088592 0.088489 0.081489 0.088489 0.088593 0.081440 0.081489 0.081440 0.088534 
0.088742 0.061227 0.067155 0.061227 0.088597 0.080602 0.067155 0.080602 0.088536 
0.088594 0.087160 0.071580 0.087160 0.088593 0.069369 0.071580 0.069369 0.088629 
0.088593 0.081440 0.074355 0.081440 0.088534 0.083404 0.074355 0.083404 0.088547 
0.088597 0.080602 0.072119 0.080602 0.088536 0.073063 0.072119 0.073063 0.088603 
0.088593 0.069369 0.075352 0.069369 0.088629 0.086147 0.075352 0.086147 0.088618 
0.088534 0.083404 0.087356 0.083404 0.088547 0.086854 0.087356 0.086854 0.088532 
0.088536 0.073063 0.075494 0.073063 0.088603 0.088264 0.075494 0.088264 0.088587 
0.088629 0.086147 0.077413 0.086147 0.088618 0.078478 0.077413 0.078478 0.088532 
0.088547 0.086854 0.055687 0.086854 0.088532 0.059848 0.055687 0.059848 0.088760 
0.088603 0.088264 0.071445 0.088264 0.088587 0.072984 0.071445 0.072984 0.088619 
0.088618 0.078478 0.077609 0.078478 0.088532 0.082317 0.077609 0.082317 0.088560 
0.088532 0.059848 0.075060 0.059848 0.088760 0.065784 0.075060 0.065784 0.088609 
0.088587 0.072984 0.067331 0.072984 0.088619 0.072234 0.067331 0.072234 0.088593 
0.088532 0.082317 0.081734 0.082317 0.088560 0.088396 0.081734 0.088396 0.088563 
0.088760 0.065784 0.056988 0.065784 0.088609 0.065543 0.056988 0.065543 0.088623 
0.088619 0.072234 0.074333 0.072234 0.088593 0.065753 0.074333 0.065753 0.088595 
0.088560 0.088396 0.069790 0.088396 0.088563 0.068472 0.069790 0.068472 0.088607 
0.088609 0.065543 0.068434 0.065543 0.088623 0.087599 0.068434 0.087599 0.088617 
0.088593 0.065753 0.072424 0.065753 0.088595 0.073147 0.072424 0.073147 0.088624 
0.088563 0.068472 0.079659 0.068472 0.088607 0.079873 0.079659 0.079873 0.088535 
0.088623 0.087599 0.085105 0.087599 0.088617 0.087676 0.085105 0.087676 0.088624 
0.088595 0.073147 0.088414 0.073147 0.088624 0.072019 0.088414 0.072019 0.088600 
0.088607 0.079873 0.061537 0.079873 0.088535 0.053967 0.061537 0.053967 0.088792 
0.088617 0.087676 0.078537 0.087676 0.088624 0.075889 0.078537 0.075889 0.088545 
0.088624 0.072019 0.075167 0.072019 0.088600 0.082912 0.075167 0.082912 0.088558 
0.088535 0.053967 0.075889 0.053967 0.088792 0.052518 0.075889 0.052518 0.088651 
0.088624 0.075889 0.078162 0.075889 0.088545 0.085523 0.078162 0.085523 0.088531 
0.088600 0.082912 0.076783 0.082912 0.088558 0.077558 0.076783 0.077558 0.088620 
0.088792 0.052518 0.051637 0.052518 0.088651 0.072074 0.051637 0.072074 0.088597 
0.088545 0.085523 0.062134 0.085523 0.088531 0.064735 0.062134 0.064735 16.300528 
0.088558 0.077558 0.075946 0.077558 0.088620 0.070071 0.075946 0.070071 4.671254 
0.088651 0.072074 0.061094 0.072074 0.088597 0.065956 0.061094 0.065956 5.116579 
0.088531 0.064735 0.070388 0.064735 16.300528 3.476840 0.070388 3.476840 9.422913 
0.088620 0.070071 0.059761 0.070071 4.671254 0.047645 0.059761 0.047645 7.287338 
0.088597 0.065956 0.041808 0.065956 5.116579 -0.126144 0.041808 -0.126144 20.071640 
16.300528 3.476840 1.616910 3.476840 9.422913 -0.243542 1.616910 -0.243542 4.732846 
4.671254 0.047645 0.057193 0.047645 7.287338 7.305532 0.057193 7.305532 7.330971 
5.116579 -0.126144 0.063148 -0.126144 20.071640 -0.277228 0.063148 -0.277228 10.452731 
9.422913 -0.243542 -0.071582 -0.243542 4.732846 0.634916 -0.071582 0.634916 1.625833 
7.287338 7.305532 0.333257 7.305532 7.330971 0.311261 0.333257 0.311261 5.019636 
20.071640 -0.277228 1.591462 -0.277228 10.452731 0.099878 1.591462 0.099878 5.298996 
4.732846 0.634916 1.125822 0.634916 1.625833 -0.200751 1.125822 -0.200751 17.741780 
7.330971 0.311261 -0.091872 0.311261 5.019636 1.565228 -0.091872 1.565228 2.218480 
10.452731 0.099878 -0.088803 0.099878 5.298996 -0.338869 -0.088803 -0.338869 1.976068 
1.625833 -0.200751 -0.151859 -0.200751 17.741780 12.004493 -0.151859 12.004493 14.353171 
5.019636 1.565228 3.689872 1.565228 2.218480 2.257171 3.689872 2.257171 3.575580 
5.298996 -0.338869 -0.125468 -0.338869 1.976068 1.570565 -0.125468 1.570565 1.633160 
17.741780 12.004493 3.373925 12.004493 14.353171 3.089819 3.373925 3.089819 4.480153 
2.218480 2.257171 -0.169375 2.257171 3.575580 -0.296906 -0.169375 -0.296906 21.179958 
1.976068 1.570565 -0.327284 1.570565 1.633160 -0.090443 -0.327284 -0.090443 15.734470 
14.353171 3.089819 0.015545 3.089819 4.480153 0.731521 0.015545 0.731521 3.405606 
3.575580 -0.296906 -0.021964 -0.296906 21.179958 1.668642 -0.021964 1.668642 7.995708 
1.633160 -0.090443 0.006522 -0.090443 15.734470 0.017888 0.006522 0.017888 7.140710 
4.480153 0.731521 0.620209 0.731521 3.405606 3.017303 0.620209 3.017303 2.770324 
21.179958 1.668642 0.010797 1.668642 7.995708 -0.218522 0.010797 -0.218522 13.952618 
15.734470 0.017888 1.803119 0.017888 7.140710 0.043304 1.803119 0.043304 4.702386 
3.405606 3.017303 0.028799 3.017303 2.770324 -0.020653 0.028799 -0.020653 7.879843 
7.995708 -0.218522 -0.216591 -0.218522 13.952618 12.928655 -0.216591 12.928655 15.100302 
7.140710 0.043304 0.108641 0.043304 4.702386 1.534856 0.108641 1.534856 16.664288 
2.770324 -0.020653 0.455185 -0.020653 7.879843 0.393011 0.455185 0.393011 5.169735 
13.952618 12.928655 9.861789 12.928655 15.100302 14.436096 9.861789 14.436096 17.035774 
4.702386 1.534856 4.200805 1.534856 16.664288 0.983503 4.200805 0.983503 3.878544 
7.879843 0.393011 0.555933 0.393011 5.169735 -0.114137 0.555933 -0.114137 11.251059 
15.100302 14.436096 1.879845 14.436096 17.035774 0.983182 1.879845 0.983182 2.293910 
16.664288 0.983503 0.357643 0.983503 3.878544 -0.825019 0.357643 -0.825019 5.008840 
5.169735 -0.114137 3.448491 -0.114137 11.251059 0.059399 3.448491 0.059399 20.629304 
17.035774 0.983182 3.527941 0.983182 2.293910 2.027533 3.527941 2.027533 4.288035 
3.878544 -0.825019 2.283468 -0.825019 5.008840 -0.373195 2.283468 -0.373195 14.171913 
11.251059 0.059399 -0.261720 0.059399 20.629304 0.094604 -0.261720 0.094604 10.446708 
2.293910 2.027533 0.118454 2.027533 4.288035 0.143821 0.118454 0.143821 5.150723 
5.008840 -0.373195 0.001197 -0.373195 14.171913 0.259697 0.001197 0.259697 1.975745 
20.629304 0.094604 0.097767 0.094604 10.446708 0.022405 0.097767 0.022405 1.957518 
4.288035 0.143821 0.137122 0.143821 5.150723 0.005731 0.137122 0.005731 12.140929 
14.171913 0.259697 0.058394 0.259697 1.975745 0.020260 0.058394 0.020260 13.422069 
10.446708 0.022405 -0.042277 0.022405 1.957518 0.277961 -0.042277 0.277961 10.681766 
5.150723 0.005731 0.868298 0.005731 12.140929 0.088570 0.868298 0.088570 1.899867 
1.975745 0.020260 0.012287 0.020260 13.422069 13.380206 0.012287 13.380206 13.360455 
1.957518 0.277961 -0.309083 0.277961 10.681766 0.376196 -0.309083 0.376196 12.964748 
12.140929 0.088570 -0.086167 0.088570 1.899867 0.963580 -0.086167 0.963580 2.255174 
13.422069 13.380206 7.378575 13.380206 13.360455 7.513969 7.378575 7.513969 9.271911 
10.681766 0.376196 0.202145 0.376196 12.964748 7.210497 0.202145 7.210497 9.352432 
1.899867 0.963580 0.756950 0.963580 2.255174 -0.064175 0.756950 -0.064175 5.825211 
13.360455 7.513969 1.032790 7.513969 9.271911 3.417692 1.032790 3.417692 6.062488 
12.964748 7.210497 0.195219 7.210497 9.352432 -0.124117 0.195219 -0.124117 2.189304 
2.255174 -0.064175 0.251575 -0.064175 5.825211 4.328718 0.251575 4.328718 4.295680 
9.271911 3.417692 7.543153 3.417692 6.062488 5.815265 7.543153 5.815265 8.488696 
9.352432 -0.124117 0.201928 -0.124117 2.189304 1.953967 0.201928 1.953967 2.451444 
5.825211 4.328718 0.239644 4.328718 4.295680 0.072975 0.239644 0.072975 9.074029 
6.062488 5.815265 0.318284 5.815265 8.488696 0.347403 0.318284 0.347403 12.002195 
2.189304 1.953967 -0.051179 1.953967 2.451444 0.182524 -0.051179 0.182524 4.894063 
4.295680 0.072975 0.302415 0.072975 9.074029 2.795656 0.302415 2.795656 5.398354 
8.488696 0.347403 0.198028 0.347403 12.002195 0.001530 0.198028 0.001530 17.030846 
2.451444 0.182524 -0.151554 0.182524 4.894063 -0.028948 -0.151554 -0.028948 13.516999 
9.074029 2.795656 2.300321 2.795656 5.398354 5.029058 2.300321 5.029058 4.737100 
12.002195 0.001530 1.085732 0.001530 17.030846 0.033257 1.085732 0.033257 4.150913 
0.088627 0.073253 0.073606 0.073253 0.088577 0.065008 0.073606 0.065008 0.088599 
0.088600 0.066300 0.066395 0.066300 0.088597 0.088494 0.066395 0.088494 0.088598 
0.088598 0.054005 0.071536 0.054005 0.088747 0.061229 0.071536 0.061229 0.088602 
0.088577 0.065008 0.064328 0.065008 0.088599 0.087165 0.064328 0.087165 0.088598 
0.088597 0.088494 0.081493 0.088494 0.088598 0.081444 0.081493 0.081444 0.088539 
0.088747 0.061229 0.067157 0.061229 0.088602 0.080606 0.067157 0.080606 0.088541 
0.088599 0.087165 0.071583 0.087165 0.088598 0.069372 0.071583 0.069372 0.088634 
0.088598 0.081444 0.074358 0.081444 0.088539 0.083409 0.074358 0.083409 0.088552 
0.088602 0.080606 0.072122 0.080606 0.088541 0.073066 0.072122 0.073066 0.088608 
0.088598 0.069372 0.075355 0.069372 0.088634 0.086151 0.075355 0.086151 0.088623 
0.088539 0.083409 0.087361 0.083409 0.088552 0.086859 0.087361 0.086859 0.088537 
0.088541 0.073066 0.075498 0.073066 0.088608 0.088269 0.075498 0.088269 0.088592 
0.088634 0.086151 0.077416 0.086151 0.088623 0.078482 0.077416 0.078482 0.088537 
0.088552 0.086859 0.055688 0.086859 0.088537 0.059850 0.055688 0.059850 0.088765 
0.088608 0.088269 0.071448 0.088269 0.088592 0.072987 0.071448 0.072987 0.088624 
0.088623 0.078482 0.077613 0.078482 0.088537 0.082321 0.077613 0.082321 0.088565 
0.088537 0.059850 0.075063 0.059850 0.088765 0.065786 0.075063 0.065786 0.088614 
0.088592 0.072987 0.067333 0.072987 0.088624 0.072237 0.067333 0.072237 0.088597 
0.088537 0.082321 0.081738 0.082321 0.088565 0.088401 0.081738 0.088401 0.088568 
0.088765 0.065786 0.056990 0.065786 0.088614 0.065545 0.056990 0.065545 0.088628 
0.088624 0.072237 0.074336 0.072237 0.088597 0.065755 0.074336 0.065755 0.088600 
0.088565 0.088401 0.069793 0.088401 0.088568 0.068474 0.069793 0.068474 0.088612 
0.088614 0.065545 0.068436 0.065545 0.088628 0.087603 0.068436 0.087603 0.088622 
0.088597 0.065755 0.072427 0.065755 0.088600 0.073150 0.072427 0.073150 0.088629 
0.088568 0.068474 0.079663 0.068474 0.088612 0.079877 0.079663 0.079877 0.088540 
0.088628 0.087603 0.085109 0.087603 0.088622 0.087681 0.085109 0.087681 0.088629 
0.088600 0.073150 0.088418 0.073150 0.088629 0.072022 0.088418 0.072022 0.088604 
0.088612 0.079877 0.061539 0.079877 0.088540 0.053969 0.061539 0.053969 0.088797 
0.088622 0.087681 0.078541 0.087681 0.088629 0.075892 0.078541 0.075892 0.088550 
0.088629 0.072022 0.075170 0.072022 0.088604 0.082916 0.075170 0.082916 0.088563 
0.088540 0.053969 0.075893 0.053969 0.088797 0.052519 0.075893 0.052519 0.088656 
0.088629 0.075892 0.078166 0.075892 0.088550 0.085528 0.078166 0.085528 0.088536 
0.088604 0.082916 0.076786 0.082916 0.088563 0.077562 0.076786 0.077562 0.088625 
0.088797 0.052519 0.051639 0.052519 0.088656 0.072077 0.051639 0.072077 0.088602 
0.088550 0.085528 0.062137 0.085528 0.088536 0.064738 0.062137 0.064738 16.298528 
0.088563 0.077562 0.075950 0.077562 0.088625 0.070074 0.075950 0.070074 4.670703 
0.088656 0.072077 0.061096 0.072077 0.088602 0.065959 0.061096 0.065959 5.115958 
0.088536 0.064738 0.070391 0.064738 16.298528 3.476280 0.070391 3.476280 9.421704 
0.088625 0.070074 0.059763 0.070074 4.670703 0.047630 0.059763 0.047630 7.286408 
0.088602 0.065959 0.041809 0.065959 5.115958 -0.126126 0.041809 -0.126126 20.069814 
16.298528 3.476280 1.616746 3.476280 9.421704 -0.243510 1.616746 -0.243510 4.732285 
4.670703 0.047630 0.057178 0.047630 7.286408 7.304601 0.057178 7.304601 7.330037 
5.115958 -0.126126 0.063110 -0.126126 20.069814 -0.277179 0.063110 -0.277179 10.451288 
9.421704 -0.243510 -0.071574 -0.243510 4.732285 0.634967 -0.071574 0.634967 1.625755 
7.286408 7.304601 0.333243 7.304601 7.330037 0.311249 0.333243 0.311249 5.018925 
20.069814 -0.277179 1.591287 -0.277179 10.451288 0.099884 1.591287 0.099884 5.298246 
4.732285 0.634967 1.125726 0.634967 1.625755 -0.200734 1.125726 -0.200734 17.739629 
7.330037 0.311249 -0.091857 0.311249 5.018925 1.565033 -0.091857 1.565033 2.218229 
10.451288 0.099884 -0.088805 0.099884 5.298246 -0.338840 -0.088805 -0.338840 1.975981 
1.625755 -0.200734 -0.151816 -0.200734 17.739629 12.003106 -0.151816 12.003106 14.351368 
5.018925 1.565033 3.689362 1.565033 2.218229 2.256892 3.689362 2.256892 3.575096 
5.298246 -0.338840 -0.125454 -0.338840 1.975981 1.570517 -0.125454 1.570517 1.633088 
17.739629 12.003106 3.373400 12.003106 14.351368 3.089328 3.373400 3.089328 4.479524 
2.218229 2.256892 -0.169360 2.256892 3.575096 -0.296852 -0.169360 -0.296852 21.178035 
1.975981 1.570517 -0.327253 1.570517 1.633088 -0.090433 -0.327253 -0.090433 15.732530 
14.351368 3.089328 0.015587 3.089328 4.479524 0.731439 0.015587 0.731439 3.405168 
3.575096 -0.296852 -0.021948 -0.296852 21.178035 1.668476 -0.021948 1.668476 7.994713 
1.633088 -0.090433 0.006519 -0.090433 15.732530 0.017908 0.006519 0.017908 7.139807 
4.479524 0.731439 0.620140 0.731439 3.405168 3.016925 0.620140 3.016925 2.769985 
21.178035 1.668476 0.010820 1.668476 7.994713 -0.218488 0.010820 -0.218488 13.950848 
15.732530 0.017908 1.802928 0.017908 7.139807 0.043291 1.802928 0.043291 4.701832 
3.405168 3.016925 0.028806 3.016925 2.769985 -0.020642 0.028806 -0.020642 7.878860 
7.994713 -0.218488 -0.216541 -0.218488 13.950848 12.927061 -0.216541 12.927061 15.098409 
7.139807 0.043291 0.108655 0.043291 4.701832 1.534704 0.108655 1.534704 16.662243 
2.769985 -0.020642 0.455134 -0.020642 7.878860 0.393002 0.455134 0.393002 5.169003 
13.950848 12.927061 9.860682 12.927061 15.098409 14.434355 9.860682 14.434355 17.033696 
4.701832 1.534704 4.200332 1.534704 16.662243 0.983408 4.200332 0.983408 3.878128 
7.878860 0.393002 0.555904 0.393002 5.169003 -0.114116 0.555904 -0.114116 11.249905 
15.098409 14.434355 1.879588 14.434355 17.033696 0.983060 1.879588 0.983060 2.293647 
16.662243 0.983408 0.357635 0.983408 3.878128 -0.824908 0.357635 -0.824908 5.008145 
5.169003 -0.114116 3.448000 -0.114116 11.249905 0.059419 3.448000 0.059419 20.626860 
17.033696 0.983060 3.527400 0.983060 2.293647 2.027278 3.527400 2.027278 4.287433 
3.878128 -0.824908 2.283195 -0.824908 5.008145 -0.373102 2.283195 -0.373102 14.170127 
11.249905 0.059419 -0.261695 0.059419 20.626860 0.094634 -0.261695 0.094634 10.445261 
2.293647 2.027278 0.118459 2.027278 4.287433 0.143825 0.118459 0.143825 5.150815 
5.008145 -0.373102 0.001198 -0.373102 14.170127 0.259719 0.001198 0.259719 1.975790 
20.626860 0.094634 0.097773 0.094634 10.445261 0.022406 0.097773 0.022406 1.957565 
4.287433 0.143825 0.137123 0.143825 5.150815 0.005741 0.137123 0.005741 12.140611 
14.170127 0.259719 0.058394 0.259719 1.975790 0.020286 0.058394 0.020286 13.421916 
10.445261 0.022406 -0.042259 0.022406 1.957565 0.277987 -0.042259 0.277987 10.681465 
5.150815 0.005741 0.868289 0.005741 12.140611 0.088574 0.868289 0.088574 1.899909 
1.975790 0.020286 0.012314 0.020286 13.421916 13.380058 0.012314 13.380058 13.360313 
1.957565 0.277987 -0.309055 0.277987 10.681465 0.376191 -0.309055 0.376191 12.964955 
12.140611 0.088574 -0.086143 0.088574 1.899909 0.963570 -0.086143 0.963570 2.255215 
13.421916 13.380058 7.378375 13.380058 13.360313 7.513785 7.378375 7.513785 9.271932 
10.681465 0.376191 0.202111 0.376191 12.964955 7.210475 0.202111 7.210475 9.352423 
1.899909 0.963570 0.756941 0.963570 2.255215 -0.064158 0.756941 -0.064158 5.825256 
13.360313 7.513785 1.032595 7.513785 9.271932 3.417601 1.032595 3.417601 6.062830 
12.964955 7.210475 0.195188 7.210475 9.352423 -0.124106 0.195188 -0.124106 2.189327 
2.255215 -0.064158 0.251578 -0.064158 5.825256 4.328817 0.251578 4.328817 4.295870 
9.271932 3.417601 7.543174 3.417601 6.062830 5.815450 7.543174 5.815450 8.488947 
9.352423 -0.124106 0.201887 -0.124106 2.189327 1.953993 0.201887 1.953993 2.451524 
5.825256 4.328817 0.239617 4.328817 4.295870 0.072970 0.239617 0.072970 9.074124 
6.062830 5.815450 0.318279 5.815450 8.488947 0.347378 0.318279 0.347378 12.002068 
2.189327 1.953993 -0.051170 1.953993 2.451524 0.182543 -0.051170 0.182543 4.894179 
4.295870 0.072970 0.302414 0.072970 9.074124 2.795618 0.302414 2.795618 5.398615 
8.488947 0.347378 0.197760 0.347378 12.002068 0.001551 0.197760 0.001551 17.030517 
2.451524 0.182543 -0.151566 0.182543 4.894179 -0.028945 -0.151566 -0.028945 13.516808 
9.074124 2.795618 2.300274 2.795618 5.398615 5.029301 2.300274 5.029301 4.737329 
12.002068 0.001551 1.085809 0.001551 17.030517 0.033266 1.085809 0.033266 4.151149 
0.088627 0.073253 0.073606 0.073253 0.088577 0.065008 0.073606 0.065008 0.088599 
0.088600 0.066300 0.066395 0.066300 0.088597 0.088494 0.066395 0.088494 0.088598 
0.088598 0.054005 0.071536 0.054005 0.088747 0.061229 0.071536 0.061229 0.088602 
0.088577 0.065008 0.064328 0.065008 0.088599 0.087165 0.064328 0.087165 0.088598 
0.088597 0.088494 0.081493 0.088494 0.088598 0.081444 0.081493 0.081444 0.088539 
0.088747 0.061229 0.067157 0.061229 0.088602 0.080606 0.067157 0.080606 0.088541 
0.088599 0.087165 0.071583 0.087165 0.088598 0.069372 0.071583 0.069372 0.088634 
0.088598 0.081444 0.074358 0.081444 0.088539 0.083409 0.074358 0.083409 0.088552 
0.088602 0.080606 0.072122 0.080606 0.088541 0.073066 0.072122 0.073066 0.088608 
0.088598 0.069372 0.075355 0.069372 0.088634 0.086151 0.075355 0.086151 0.088623 
0.088539 0.083409 0.087361 0.083409 0.088552 0.086859 0.087361 0.086859 0.088537 
0.088541 0.073066 0.075498 0.073066 0.088608 0.088269 0.075498 0.088269 0.088592 
0.088634 0.086151 0.077416 0.086151 0.088623 0.078482 0.077416 0.078482 0.088537 
0.088552 0.086859 0.055688 0.086859 0.088537 0.059850 0.055688 0.059850 0.088765 
0.088608 0.088269 0.071448 0.088269 0.088592 0.072987 0.071448 0.072987 0.088624 
0.088623 0.078482 0.077613 0.078482 0.088537 0.082321 0.077613 0.082321 0.088565 
0.088537 0.059850 0.075063 0.059850 0.088765 0.065786 0.075063 0.065786 0.088614 
0.088592 0.072987 0.067333 0.072987 0.088624 0.072237 0.067333 0.072237 0.088597 
0.088537 0.082321 0.081738 0.082321 0.088565 0.088401 0.081738 0.088401 0.088568 
0.088765 0.065786 0.056990 0.065786 0.088614 0.065545 0.056990 0.065545 0.088628 
0.088624 0.072237 0.074336 0.072237 0.088597 0.065755 0.074336 0.065755 0.088600 
0.088565 0.088401 0.069793 0.088401 0.088568 0.068474 0.069793 0.068474 0.088612 
0.088614 0.065545 0.068436 0.065545 0.088628 0.087603 0.068436 0.087603 0.088622 
0.088597 0.065755 0.072427 0.065755 0.088600 0.073150 0.072427 0.073150 0.088629 
0.088568 0.068474 0.079663 0.068474 0.088612 0.079877 0.079663 0.079877 0.088540 
0.088628 0.087603 0.085109 0.087603 0.088622 0.087681 0.085109 0.087681 0.088629 
0.088600 0.073150 0.088418 0.073150 0.088629 0.072022 0.088418 0.072022 0.088604 
0.088612 0.079877 0.061539 0.079877 0.088540 0.053969 0.061539 0.053969 0.088797 
0.088622 0.087681 0.078541 0.087681 0.088629 0.075892 0.078541 0.075892 0.088550 
0.088629 0.072022 0.075170 0.072022 0.088604 0.082916 0.075170 0.082916 0.088563 
0.088540 0.053969 0.075893 0.053969 0.088797 0.052519 0.075893 0.052519 0.088656 
0.088629 0.075892 0.078166 0.075892 0.088550 0.085528 0.078166 0.085528 0.088536 
0.088604 0.082916 0.076786 0.082916 0.088563 0.077562 0.076786 0.077562 0.088625 
0.088797 0.052519 0.051639 0.052519 0.088656 0.072077 0.051639 0.072077 0.088602 
0.088550 0.085528 0.062137 0.085528 0.088536 0.064738 0.062137 0.064738 16.298528 
0.088563 0.077562 0.075950 0.077562 0.088625 0.070074 0.075950 0.070074 4.670703 
0.088656 0.072077 0.061096 0.072077 0.088602 0.065959 0.061096 0.065959 5.115958 
0.088536 0.064738 0.070391 0.064738 16.298528 3.476280 0.070391 3.476280 9.421704 
0.088625 0.070074 0.059763 0.070074 4.670703 0.047630 0.059763 0.047630 7.286408 
0.088602 0.065959 0.041809 0.065959 5.115958 -0.126126 0.041809 -0.126126 20.069814 
16.298528 3.476280 1.616746 3.476280 9.421704 -0.243510 1.616746 -0.243510 4.732285 
4.670703 0.047630 0.057178 0.047630 7.286408 7.304601 0.057178 7.304601 7.330037 
5.115958 -0.126126 0.063110 -0.126126 20.069814 -0.277179 0.063110 -0.277179 10.451288 
9.421704 -0.243510 -0.071574 -0.243510 4.732285 0.634967 -0.071574 0.634967 1.625755 
7.286408 7.304601 0.333243 7.304601 7.330037 0.311249 0.333243 0.311249 5.018925 
20.069814 -0.277179 1.591287 -0.277179 10.451288 0.099884 1.591287 0.099884 5.298246 
4.732285 0.634967 1.125726 0.634967 1.625755 -0.200734 1.125726 -0.200734 17.739629 
7.330037 0.311249 -0.091857 0.311249 5.018925 1.565033 -0.091857 1.565033 2.218229 
10.451288 0.099884 -0.088805 0.099884 5.298246 -0.338840 -0.088805 -0.338840 1.975981 
1.625755 -0.200734 -0.151816 -0.200734 17.739629 12.003106 -0.151816 12.003106 14.351368 
5.018925 1.565033 3.689362 1.565033 2.218229 2.256892 3.689362 2.256892 3.575096 
5.298246 -0.338840 -0.125454 -0.338840 1.975981 1.570517 -0.125454 1.570517 1.633088 
17.739629 12.003106 3.373400 12.003106 14.351368 3.089328 3.373400 3.089328 4.479524 
2.218229 2.256892 -0.169360 2.256892 3.575096 -0.296852 -0.169360 -0.296852 21.178035 
1.975981 1.570517 -0.327253 1.570517 1.633088 -0.090433 -0.327253 -0.090433 15.732530 
14.351368 3.089328 0.015587 3.089328 4.479524 0.731439 0.015587 0.731439 3.405168 
3.575096 -0.296852 -0.021948 -0.296852 21.178035 1.668476 -0.021948 1.668476 7.994713 
1.633088 -0.090433 0.006519 -0.090433 15.732530 0.017908 0.006519 0.017908 7.139807 
4.479524 0.731439 0.620140 0.731439 3.405168 3.016925 0.620140 3.016925 2.769985 
21.178035 1.668476 0.010820 1.668476 7.994713 -0.218488 0.010820 -0.218488 13.950848 
15.732530 0.017908 1.802928 0.017908 7.139807 0.043291 1.802928 0.043291 4.701832 
3.405168 3.016925 0.028806 3.016925 2.769985 -0.020642 0.028806 -0.020642 7.878860 
7.994713 -0.218488 -0.216541 -0.218488 13.950848 12.927061 -0.216541 12.927061 15.098409 
7.139807 0.043291 0.108655 0.043291 4.701832 1.534704 0.108655 1.534704 16.662243 
2.769985 -0.020642 0.455134 -0.020642 7.878860 0.393002 0.455134 0.393002 5.169003 
13.950848 12.927061 9.860682 12.927061 15.098409 14.434355 9.860682 14.434355 17.033696 
4.701832 1.534704 4.200332 1.534704 16.662243 0.983408 4.200332 0.983408 3.878128 
7.878860 0.393002 0.555904 0.393002 5.169003 -0.114116 0.555904 -0.114116 11.249905 
15.098409 14.434355 1.879588 14.434355 17.033696 0.983060 1.879588 0.983060 2.293647 
16.662243 0.983408 0.357635 0.983408 3.878128 -0.824908 0.357635 -0.824908 5.008145 
5.169003 -0.114116 3.448000 -0.114116 11.249905 0.059419 3.448000 0.059419 20.626860 
17.033696 0.983060 3.527400 0.983060 2.293647 2.027278 3.527400 2.027278 4.287433 
3.878128 -0.824908 2.283195 -0.824908 5.008145 -0.373102 2.283195 -0.373102 14.170127 
11.249905 0.059419 -0.261695 0.059419 20.626860 0.094634 -0.261695 0.094634 10.445261 
2.293647 2.027278 0.118459 2.027278 4.287433 0.143825 0.118459 0.143825 5.150815 
5.008145 -0.373102 0.001198 -0.373102 14.170127 0.259719 0.001198 0.259719 1.975790 
20.626860 0.094634 0.097773 0.094634 10.445261 0.022406 0.097773 0.022406 1.957565 
4.287433 0.143825 0.137123 0.143825 5.150815 0.005741 0.137123 0.005741 12.140611 
14.170127 0.259719 0.058394 0.259719 1.975790 0.020286 0.058394 0.020286 13.421916 
10.445261 0.022406 -0.042259 0.022406 1.957565 0.277987 -0.042259 0.277987 10.681465 
5.150815 0.005741 0.868289 0.005741 12.140611 0.088574 0.868289 0.088574 1.899909 
1.975790 0.020286 0.012314 0.020286 13.421916 13.380058 0.012314 13.380058 13.360313 
1.957565 0.277987 -0.309055 0.277987 10.681465 0.376191 -0.309055 0.376191 12.964955 
12.140611 0.088574 -0.086143 0.088574 1.899909 0.963570 -0.086143 0.963570 2.255215 
13.421916 13.380058 7.378375 13.380058 13.360313 7.513785 7.378375 7.513785 9.271932 
10.681465 0.376191 0.202111 0.376191 12.964955 7.210475 0.202111 7.210475 9.352423 
1.899909 0.963570 0.756941 0.963570 2.255215 -0.064158 0.756941 -0.064158 5.825256 
13.360313 7.513785 1.032595 7.513785 9.271932 3.417601 1.032595 3.417601 6.062830 
12.964955 7.210475 0.195188 7.210475 9.352423 -0.124106 0.195188 -0.124106 2.189327 
2.255215 -0.064158 0.251578 -0.064158 5.825256 4.328817 0.251578 4.328817 4.295870 
9.271932 3.417601 7.543174 3.417601 6.062830 5.815450 7.543174 5.815450 8.488947 
9.352423 -0.124106 0.201887 -0.124106 2.189327 1.953993 0.201887 1.953993 2.451524 
5.825256 4.328817 0.239617 4.328817 4.295870 0.072970 0.239617 0.072970 9.074124 
6.062830 5.815450 0.318279 5.815450 8.488947 0.347378 0.318279 0.347378 12.002068 
2.189327 1.953993 -0.051170 1.953993 2.451524 0.182543 -0.051170 0.182543 4.894179 
4.295870 0.072970 0.302414 0.072970 9.074124 2.795618 0.302414 2.795618 5.398615 
8.488947 0.347378 0.197760 0.347378 12.002068 0.001551 0.197760 0.001551 17.030517 
2.451524 0.182543 -0.151566 0.182543 4.894179 -0.028945 -0.151566 -0.028945 13.516808 
9.074124 2.795618 2.300274 2.795618 5.398615 5.029301 2.300274 5.029301 4.737329 
12.002068 0.001551 1.085809 0.001551 17.030517 0.033266 1.085809 0.033266 4.151149 
0.088627 0.073253 0.073606 0.073253 0.088577 0.065008 0.073606 0.065008 0.088599 
0.088600 0.066300 0.066395 0.066300 0.088597 0.088494 0.066395 0.088494 0.088598 
0.088598 0.054005 0.071536 0.054005 0.088747 0.061229 0.071536 0.061229 0.088602 
0.088577 0.065008 0.064328 0.065008 0.088599 0.087165 0.064328 0.087165 0.088598 
0.088597 0.088494 0.081493 0.088494 0.088598 0.081444 0.081493 0.081444 0.088539 
0.088747 0.061229 0.067157 0.061229 0.088602 0.080606 0.067157 0.080606 0.088541 
0.088599 0.087165 0.071583 0.087165 0.088598 0.069372 0.071583 0.069372 0.088634 
0.088598 0.081444 0.074358 0.081444 0.088539 0.083409 0.074358 0.083409 0.088552 
0.088602 0.080606 0.072122 0.080606 0.088541 0.073066 0.072122 0.073066 0.088608 
0.088598 0.069372 0.075355 0.069372 0.088634 0.086151 0.075355 0.086151 0.088623 
0.088539 0.083409 0.087361 0.083409 0.088552 0.086859 0.087361 0.086859 0.088537 
0.088541 0.073066 0.075498 0.073066 0.088608 0.088269 0.075498 0.088269 0.088592 
0.088634 0.086151 0.077416 0.086151 0.088623 0.078482 0.077416 0.078482 0.088537 
0.088552 0.086859 0.055688 0.086859 0.088537 0.059850 0.055688 0.059850 0.088765 
0.088608 0.088269 0.071448 0.088269 0.088592 0.072987 0.071448 0.072987 0.088624 
0.088623 0.078482 0.077613 0.078482 0.088537 0.082321 0.077613 0.082321 0.088565 
0.088537 0.059850 0.075063 0.059850 0.088765 0.065786 0.075063 0.065786 0.088614 
0.088592 0.072987 0.067333 0.072987 0.088624 0.072237 0.067333 0.072237 0.088597 
0.088537 0.082321 0.081738 0.082321 0.088565 0.088401 0.081738 0.088401 0.088568 
0.088765 0.065786 0.056990 0.065786 0.088614 0.065545 0.056990 0.065545 0.088628 
0.088624 0.072237 0.074336 0.072237 0.088597 0.065755 0.074336 0.065755 0.088600 
0.088565 0.088401 0.069793 0.088401 0.088568 0.068474 0.069793 0.068474 0.088612 
0.088614 0.065545 0.068436 0.065545 0.088628 0.087603 0.068436 0.087603 0.088622 
0.088597 0.065755 0.072427 0.065755 0.088600 0.073150 0.072427 0.073150 0.088629 
0.088568 0.068474 0.079663 0.068474 0.088612 0.079877 0.079663 0.079877 0.088540 
0.088628 0.087603 0.085109 0.087603 0.088622 0.087681 0.085109 0.087681 0.088629 
0.088600 0.073150 0.088418 0.073150 0.088629 0.072022 0.088418 0.072022 0.088604 
0.088612 0.079877 0.061539 0.079877 0.088540 0.053969 0.061539 0.053969 0.088797 
0.088622 0.087681 0.078541 0.087681 0.088629 0.075892 0.078541 0.075892 0.088550 
0.088629 0.072022 0.075170 0.072022 0.088604 0.082916 0.075170 0.082916 0.088563 
0.088540 0.053969 0.075893 0.053969 0.088797 0.052519 0.075893 0.052519 0.088656 
0.088629 0.075892 0.078166 0.075892 0.088550 0.085528 0.078166 0.085528 0.088536 
0.088604 0.082916 0.076786 0.082916 0.088563 0.077562 0.076786 0.077562 0.088625 
0.088797 0.052519 0.051639 0.052519 0.088656 0.072077 0.051639 0.072077 0.088602 
0.088550 0.085528 0.062137 0.085528 0.088536 0.064738 0.062137 0.064738 16.298528 
0.088563 0.077562 0.075950 0.077562 0.088625 0.070074 0.075950 0.070074 4.670703 
0.088656 0.072077 0.061096 0.072077 0.088602 0.065959 0.061096 0.065959 5.115958 
0.088536 0.064738 0.070391 0.064738 16.298528 3.476280 0.070391 3.476280 9.421704 
0.088625 0.070074 0.059763 0.070074 4.670703 0.047630 0.059763 0.047630 7.286408 
0.088602 0.065959 0.041809 0.065959 5.115958 -0.126126 0.041809 -0.126126 20.069814 
16.298528 3.476280 1.616746 3.476280 9.421704 -0.243510 1.616746 -0.243510 4.732285 
4.670703 0.047630 0.057178 0.047630 7.286408 7.304601 0.057178 7.304601 7.330037 
5.115958 -0.126126 0.063110 -0.126126 20.069814 -0.277179 0.063110 -0.277179 10.451288 
9.421704 -0.243510 -0.071574 -0.243510 4.732285 0.634967 -0.071574 0.634967 1.625755 
7.286408 7.304601 0.333243 7.304601 7.330037 0.311249 0.333243 0.311249 5.018925 
20.069814 -0.277179 1.591287 -0.277179 10.451288 0.099884 1.591287 0.099884 5.298246 
4.732285 0.634967 1.125726 0.634967 1.625755 -0.200734 1.125726 -0.200734 17.739629 
7.330037 0.311249 -0.091857 0.311249 5.018925 1.565033 -0.091857 1.565033 2.218229 
10.451288 0.099884 -0.088805 0.099884 5.298246 -0.338840 -0.088805 -0.338840 1.975981 
1.625755 -0.200734 -0.151816 -0.200734 17.739629 12.003106 -0.151816 12.003106 14.351368 
5.018925 1.565033 3.689362 1.565033 2.218229 2.256892 3.689362 2.256892 3.575096 
5.298246 -0.338840 -0.125454 -0.338840 1.975981 1.570517 -0.125454 1.570517 1.633088 
17.739629 12.003106 3.373400 12.003106 14.351368 3.089328 3.373400 3.089328 4.479524 
2.218229 2.256892 -0.169360 2.256892 3.575096 -0.296852 -0.169360 -0.296852 21.178035 
1.975981 1.570517 -0.327253 1.570517 1.633088 -0.090433 -0.327253 -0.090433 15.732530 
14.351368 3.089328 0.015587 3.089328 4.479524 0.731439 0.015587 0.731439 3.405168 
3.575096 -0.296852 -0.021948 -0.296852 21.178035 1.668476 -0.021948 1.668476 7.994713 
1.633088 -0.090433 0.006519 -0.090433 15.732530 0.017908 0.006519 0.017908 7.139807 
4.479524 0.731439 0.620140 0.731439 3.405168 3.016925 0.620140 3.016925 2.769985 
21.178035 1.668476 0.010820 1.668476 7.994713 -0.218488 0.010820 -0.218488 13.950848 
15.732530 0.017908 1.802928 0.017908 7.139807 0.043291 1.802928 0.043291 4.701832 
3.405168 3.016925 0.028806 3.016925 2.769985 -0.020642 0.028806 -0.020642 7.878860 
7.994713 -0.218488 -0.216541 -0.218488 13.950848 12.927061 -0.216541 12.927061 15.098409 
7.139807 0.043291 0.108655 0.043291 4.701832 1.534704 0.108655 1.534704 16.662243 
2.769985 -0.020642 0.455134 -0.020642 7.878860 0.393002 0.455134 0.393002 5.169003 
13.950848 12.927061 9.860682 12.927061 15.098409 14.434355 9.860682 14.434355 17.033696 
4.701832 1.534704 4.200332 1.534704 16.662243 0.983408 4.200332 0.983408 3.878128 
7.878860 0.393002 0.555904 0.393002 5.169003 -0.114116 0.555904 -0.114116 11.249905 
15.098409 14.434355 1.879588 14.434355 17.033696 0.983060 1.879588 0.983060 2.293647 
16.662243 0.983408 0.357635 0.983408 3.878128 -0.824908 0.357635 -0.824908 5.008145 
5.169003 -0.114116 3.448000 -0.114116 11.249905 0.059419 3.448000 0.059419 20.626860 
17.033696 0.983060 3.527400 0.983060 2.293647 2.027278 3.527400 2.027278 4.287433 
3.878128 -0.824908 2.283195 -0.824908 5.008145 -0.373102 2.283195 -0.373102 14.170127 
11.249905 0.059419 -0.261695 0.059419 20.626860 0.094634 -0.261695 0.094634 10.445261 
2.293647 2.027278 0.118459 2.027278 4.287433 0.143825 0.118459 0.143825 5.150815 
5.008145 -0.373102 0.001198 -0.373102 14.170127 0.259719 0.001198 0.259719 1.975790 
20.626860 0.094634 0.097773 0.094634 10.445261 0.022406 0.097773 0.022406 1.957565 
4.287433 0.143825 0.137123 0.143825 5.150815 0.005741 0.137123 0.005741 12.140611 
14.170127 0.259719 0.058394 0.259719 1.975790 0.020286 0.058394 0.020286 13.421916 
10.445261 0.022406 -0.042259 0.022406 1.957565 0.277987 -0.042259 0.277987 10.681465 
5.150815 0.005741 0.868289 0.005741 12.140611 0.088574 0.868289 0.088574 1.899909 
1.975790 0.020286 0.012314 0.020286 13.421916 13.380058 0.012314 13.380058 13.360313 
1.957565 0.277987 -0.309055 0.277987 10.681465 0.376191 -0.309055 0.376191 12.964955 
12.140611 0.088574 -0.086143 0.088574 1.899909 0.963570 -0.086143 0.963570 2.255215 
13.421916 13.380058 7.378375 13.380058 13.360313 7.513785 7.378375 7.513785 9.271932 
10.681465 0.376191 0.202111 0.376191 12.964955 7.210475 0.202111 7.210475 9.352423 
1.899909 0.963570 0.756941 0.963570 2.255215 -0.064158 0.756941 -0.064158 5.825256 
13.360313 7.513785 1.032595 7.513785 9.271932 3.417601 1.032595 3.417601 6.062830 
12.964955 7.210475 0.195188 7.210475 9.352423 -0.124106 0.195188 -0.124106 2.189327 
2.255215 -0.064158 0.251578 -0.064158 5.825256 4.328817 0.251578 4.328817 4.295870 
9.271932 3.417601 7.543174 3.417601 6.062830 5.815450 7.543174 5.815450 8.488947 
9.352423 -0.124106 0.201887 -0.124106 2.189327 1.953993 0.201887 1.953993 2.451524 
5.825256 4.328817 0.239617 4.328817 4.295870 0.072970 0.239617 0.072970 9.074124 
6.062830 5.815450 0.318279 5.815450 8.488947 0.347378 0.318279 0.347378 12.002068 
2.189327 1.953993 -0.051170 1.953993 2.451524 0.182543 -0.051170 0.182543 4.894179 
4.295870 0.072970 0.302414 0.072970 9.074124 2.795618 0.302414 2.795618 5.398615 
8.488947 0.347378 0.197760 0.347378 12.002068 0.001551 0.197760 0.001551 17.030517 
2.451524 0.182543 -0.151566 0.182543 4.894179 -0.028945 -0.151566 -0.028945 13.516808 
9.074124 2.795618 2.300274 2.795618 5.398615 5.029301 2.300274 5.029301 4.737329 
12.002068 0.001551 1.085809 0.001551 17.030517 0.033266 1.085809 0.033266 4.151149 
0.088627 0.073253 0.073606 0.073253 0.088577 0.065008 0.073606 0.065008 0.088599 
0.088600 0.066300 0.066395 0.066300 0.088597 0.088494 0.066395 0.088494 0.088598 
0.088598 0.054005 0.071536 0.054005 0.088747 0.061229 0.071536 0.061229 0.088602 
0.088577 0.065008 0.064328 0.065008 0.088599 0.087165 0.064328 0.087165 0.088598 
0.088597 0.088494 0.081493 0.088494 0.088598 0.081444 0.081493 0.081444 0.088539 
0.088747 0.061229 0.067157 0.061229 0.088602 0.080606 0.067157 0.080606 0.088541 
0.088599 0.087165 0.071583 0.087165 0.088598 0.069372 0.071583 0.069372 0.088634 
0.088598 0.081444 0.074358 0.081444 0.088539 0.083409 0.074358 0.083409 0.088552 
0.088602 0.080606 0.072122 0.080606 0.088541 0.073066 0.072122 0.073066 0.088608 
0.088598 0.069372 0.075355 0.069372 0.088634 0.086151 0.075355 0.086151 0.088623 
0.088539 0.083409 0.087361 0.083409 0.088552 0.086859 0.087361 0.086859 0.088537 
0.088541 0.073066 0.075498 0.073066 0.088608 0.088269 0.075498 0.088269 0.088592 
0.088634 0.086151 0.077416 0.086151 0.088623 0.078482 0.077416 0.078482 0.088537 
0.088552 0.086859 0.055688 0.086859 0.088537 0.059850 0.055688 0.059850 0.088765 
0.088608 0.088269 0.071448 0.088269 0.088592 0.072987 0.071448 0.072987 0.088624 
0.088623 0.078482 0.077613 0.078482 0.088537 0.082321 0.077613 0.082321 0.088565 
0.088537 0.059850 0.075063 0.059850 0.088765 0.065786 0.075063 0.065786 0.088614 
0.088592 0.072987 0.067333 0.072987 0.088624 0.072237 0.067333 0.072237 0.088597 
0.088537 0.082321 0.081738 0.082321 0.088565 0.088401 0.081738 0.088401 0.088568 
0.088765 0.065786 0.056990 0.065786 0.088614 0.065545 0.056990 0.065545 0.088628 
0.088624 0.072237 0.074336 0.072237 0.088597 0.065755 0.074336 0.065755 0.088600 
0.088565 0.088401 0.069793 0.088401 0.088568 0.068474 0.069793 0.068474 0.088612 
0.088614 0.065545 0.068436 0.065545 0.088628 0.087603 0.068436 0.087603 0.088622 
0.088597 0.065755 0.072427 0.065755 0.088600 0.073150 0.072427 0.073150 0.088629 
0.088568 0.068474 0.079663 0.068474 0.088612 0.079877 0.079663 0.079877 0.088540 
0.088628 0.087603 0.085109 0.087603 0.088622 0.087681 0.085109 0.087681 0.088629 
0.088600 0.073150 0.088418 0.073150 0.088629 0.072022 0.088418 0.072022 0.088604 
0.088612 0.079877 0.061539 0.079877 0.088540 0.053969 0.061539 0.053969 0.088797 
0.088622 0.087681 0.078541 0.087681 0.088629 0.075892 0.078541 0.075892 0.088550 
0.088629 0.072022 0.075170 0.072022 0.088604 0.082916 0.075170 0.082916 0.088563 
0.088540 0.053969 0.075893 0.053969 0.088797 0.052519 0.075893 0.052519 0.088656 
0.088629 0.075892 0.078166 0.075892 0.088550 0.085528 0.078166 0.085528 0.088536 
0.088604 0.082916 0.076786 0.082916 0.088563 0.077562 0.076786 0.077562 0.088625 
0.088797 0.052519 0.051639 0.052519 0.088656 0.072077 0.051639 0.072077 0.088602 
0.088550 0.085528 0.062137 0.085528 0.088536 0.064738 0.062137 0.064738 16.298528 
0.088563 0.077562 0.075950 0.077562 0.088625 0.070074 0.075950 0.070074 4.670703 
0.088656 0.072077 0.061096 0.072077 0.088602 0.065959 0.061096 0.065959 5.115958 
0.088536 0.064738 0.070391 0.064738 16.298528 3.476280 0.070391 3.476280 9.421704 
0.088625 0.070074 0.059763 0.070074 4.670703 0.047630 0.059763 0.047630 7.286408 
0.088602 0.065959 0.041809 0.065959 5.115958 -0.126126 0.041809 -0.126126 20.069814 
16.298528 3.476280 1.616746 3.476280 9.421704 -0.243510 1.616746 -0.243510 4.732285 
4.670703 0.047630 0.057178 0.047630 7.286408 7.304601 0.057178 7.304601 7.330037 
5.115958 -0.126126 0.063110 -0.126126 20.069814 -0.277179 0.063110 -0.277179 10.451288 
9.421704 -0.243510 -0.071574 -0.243510 4.732285 0.634967 -0.071574 0.634967 1.625755 
7.286408 7.304601 0.333243 7.304601 7.330037 0.311249 0.333243 0.311249 5.018925 
20.069814 -0.277179 1.591287 -0.277179 10.451288 0.099884 1.591287 0.099884 5.298246 
4.732285 0.634967 1.125726 0.634967 1.625755 -0.200734 1.125726 -0.200734 17.739629 
7.330037 0.311249 -0.091857 0.311249 5.018925 1.565033 -0.091857 1.565033 2.218229 
10.451288 0.099884 -0.088805 0.099884 5.298246 -0.338840 -0.088805 -0.338840 1.975981 
1.625755 -0.200734 -0.151816 -0.200734 17.739629 12.003106 -0.151816 12.003106 14.351368 
5.018925 1.565033 3.689362 1.565033 2.218229 2.256892 3.689362 2.256892 3.575096 
5.298246 -0.338840 -0.125454 -0.338840 1.975981 1.570517 -0.125454 1.570517 1.633088 
17.739629 12.003106 3.373400 12.003106 14.351368 3.089328 3.373400 3.089328 4.479524 
2.218229 2.256892 -0.169360 2.256892 3.575096 -0.296852 -0.169360 -0.296852 21.178035 
1.975981 1.570517 -0.327253 1.570517 1.633088 -0.090433 -0.327253 -0.090433 15.732530 
14.351368 3.089328 0.015587 3.089328 4.479524 0.731439 0.015587 0.731439 3.405168 
3.575096 -0.296852 -0.021948 -0.296852 21.178035 1.668476 -0.021948 1.668476 7.994713 
1.633088 -0.090433 0.006519 -0.090433 15.732530 0.017908 0.006519 0.017908 7.139807 
4.479524 0.731439 0.620140 0.731439 3.405168 3.016925 0.620140 3.016925 2.769985 
21.178035 1.668476 0.010820 1.668476 7.994713 -0.218488 0.010820 -0.218488 13.950848 
15.732530 0.017908 1.802928 0.017908 7.139807 0.043291 1.802928 0.043291 4.701832 
3.405168 3.016925 0.028806 3.016925 2.769985 -0.020642 0.028806 -0.020642 7.878860 
7.994713 -0.218488 -0.216541 -0.218488 13.950848 12.927061 -0.216541 12.927061 15.098409 
7.139807 0.043291 0.108655 0.043291 4.701832 1.534704 0.108655 1.534704 16.662243 
2.769985 -0.020642 0.455134 -0.020642 7.878860 0.393002 0.455134 0.393002 5.169003 
13.950848 12.927061 9.860682 12.927061 15.098409 14.434355 9.860682 14.434355 17.033696 
4.701832 1.534704 4.200332 1.534704 16.662243 0.983408 4.200332 0.983408 3.878128 
7.878860 0.393002 0.555904 0.393002 5.169003 -0.114116 0.555904 -0.114116 11.249905 
15.098409 14.434355 1.879588 14.434355 17.033696 0.983060 1.879588 0.983060 2.293647 
16.662243 0.983408 0.357635 0.983408 3.878128 -0.824908 0.357635 -0.824908 5.008145 
5.169003 -0.114116 3.448000 -0.114116 11.249905 0.059419 3.448000 0.059419 20.626860 
17.033696 0.983060 3.527400 0.983060 2.293647 2.027278 3.527400 2.027278 4.287433 
3.878128 -0.824908 2.283195 -0.824908 5.008145 -0.373102 2.283195 -0.373102 14.170127 
11.249905 0.059419 -0.261695 0.059419 20.626860 0.094634 -0.261695 0.094634 10.445261 
2.293647 2.027278 0.118459 2.027278 4.287433 0.143825 0.118459 0.143825 5.150815 
5.008145 -0.373102 0.001198 -0.373102 14.170127 0.259719 0.001198 0.259719 1.975790 
20.626860 0.094634 0.097773 0.094634 10.445261 0.022406 0.097773 0.022406 1.957565 
4.287433 0.143825 0.137123 0.143825 5.150815 0.005741 0.137123 0.005741 12.140611 
