0.005591 0.004972 0.005061 0.004972 0.005590 0.004970 0.005061 0.004970 0.005590 
0.005590 0.004973 0.004973 0.004973 0.005590 0.005490 0.004973 0.005490 0.005590 
0.005590 0.004970 0.005030 0.004970 0.005591 0.004970 0.005030 0.004970 0.005590 
0.005590 0.004970 0.004970 0.004970 0.005590 0.005409 0.004970 0.005409 0.005590 
0.005590 0.005490 0.005388 0.005490 0.005590 0.005392 0.005388 0.005392 0.005590 
0.005591 0.004970 0.004971 0.004970 0.005590 0.005316 0.004971 0.005316 0.005590 
0.005590 0.005409 0.005025 0.005409 0.005590 0.004990 0.005025 0.004990 0.005591 
0.005590 0.005392 0.005041 0.005392 0.005590 0.005123 0.005041 0.005123 0.005590 
0.005590 0.005316 0.005021 0.005316 0.005590 0.004976 0.005021 0.004976 0.005590 
0.005590 0.004990 0.005092 0.004990 0.005591 0.005324 0.005092 0.005324 0.005591 
0.005590 0.005123 0.005377 0.005123 0.005590 0.005329 0.005377 0.005329 0.005590 
0.005590 0.004976 0.004985 0.004976 0.005590 0.005464 0.004985 0.005464 0.005590 
0.005591 0.005324 0.005004 0.005324 0.005591 0.005016 0.005004 0.005016 0.005590 
0.005590 0.005329 0.004970 0.005329 0.005590 0.004970 0.004970 0.004970 0.005591 
0.005590 0.005464 0.005014 0.005464 0.005590 0.005029 0.005014 0.005029 0.005591 
0.005591 0.005016 0.005146 0.005016 0.005590 0.005087 0.005146 0.005087 0.005590 
0.005590 0.004970 0.005015 0.004970 0.005591 0.004970 0.005015 0.004970 0.005591 
0.005590 0.005029 0.004975 0.005029 0.005591 0.004982 0.004975 0.004982 0.005590 
0.005590 0.005087 0.005064 0.005087 0.005590 0.005486 0.005064 0.005486 0.005590 
0.005591 0.004970 0.004970 0.004970 0.005591 0.004970 0.004970 0.004970 0.005590 
0.005591 0.004982 0.005082 0.004982 0.005590 0.004972 0.005082 0.004972 0.005590 
0.005590 0.005486 0.004972 0.005486 0.005590 0.004971 0.004972 0.004971 0.005591 
0.005591 0.004970 0.004971 0.004970 0.005590 0.005421 0.004971 0.005421 0.005591 
0.005590 0.004972 0.004981 0.004972 0.005590 0.005053 0.004981 0.005053 0.005591 
0.005590 0.004971 0.005021 0.004971 0.005591 0.005161 0.005021 0.005161 0.005590 
0.005590 0.005421 0.005275 0.005421 0.005591 0.005429 0.005275 0.005429 0.005591 
0.005590 0.005053 0.005481 0.005053 0.005591 0.005027 0.005481 0.005027 0.005590 
0.005591 0.005161 0.004970 0.005161 0.005590 0.004970 0.004970 0.004970 0.005591 
0.005591 0.005429 0.005106 0.005429 0.005591 0.005044 0.005106 0.005044 0.005590 
0.005591 0.005027 0.005043 0.005027 0.005590 0.005220 0.005043 0.005220 0.005590 
0.005590 0.004970 0.004988 0.004970 0.005591 0.004970 0.004988 0.004970 0.005591 
0.005591 0.005044 0.005017 0.005044 0.005590 0.005233 0.005017 0.005233 0.005590 
0.005590 0.005220 0.005172 0.005220 0.005590 0.005156 0.005172 0.005156 0.005591 
0.005591 0.004970 0.004970 0.004970 0.005591 0.004995 0.004970 0.004995 0.005590 
0.005590 0.005233 0.003879 0.005233 0.005590 0.004036 0.003879 0.004036 35.503717 
0.005590 0.005156 0.004752 0.005156 0.005591 0.004564 0.004752 0.004564 12.918725 
0.005591 0.004995 0.004392 0.004995 0.005590 0.004543 0.004392 0.004543 14.583573 
0.005590 0.004036 0.004277 0.004036 35.503717 12.102523 0.004277 12.102523 23.252895 
0.005591 0.004564 0.004329 0.004564 12.918725 0.023749 0.004329 0.023749 17.748140 
0.005590 0.004543 0.003189 0.004543 14.583573 -0.129885 0.003189 -0.129885 32.009453 
35.503717 12.102523 0.955516 12.102523 23.252895 -0.755232 0.955516 -0.755232 13.200337 
12.918725 0.023749 0.033681 0.023749 17.748140 17.761805 0.033681 17.761805 17.792140 
14.583573 -0.129885 0.276909 -0.129885 32.009453 -1.369125 0.276909 -1.369125 31.360392 
23.252895 -0.755232 0.054333 -0.755232 13.200337 -0.392199 0.054333 -0.392199 2.445559 
17.748140 17.761805 0.873331 17.761805 17.792140 0.812562 0.873331 0.812562 16.648005 
32.009453 -1.369125 0.593629 -1.369125 31.360392 0.488670 0.593629 0.488670 17.216221 
13.200337 -0.392199 -0.025580 -0.392199 2.445559 -0.102313 -0.025580 -0.102313 36.111774 
17.792140 0.812562 -0.319637 0.812562 16.648005 4.014712 -0.319637 4.014712 7.662167 
31.360392 0.488670 -0.027405 0.488670 17.216221 -0.194458 -0.027405 -0.194458 2.794725 
2.445559 -0.102313 -0.613271 -0.102313 36.111774 21.843125 -0.613271 21.843125 36.450510 
16.648005 4.014712 12.117702 4.014712 7.662167 7.481507 12.117702 7.481507 12.791992 
17.216221 -0.194458 -0.251967 -0.194458 2.794725 1.723597 -0.251967 1.723597 2.347748 
36.111774 21.843125 10.284609 21.843125 36.450510 12.928016 10.284609 12.928016 15.421986 
7.662167 7.481507 0.061911 7.481507 12.791992 -0.703487 0.061911 -0.703487 31.716629 
2.794725 1.723597 -0.131633 1.723597 2.347748 -0.172726 -0.131633 -0.172726 35.436982 
36.450510 12.928016 -0.611184 12.928016 15.421986 1.469634 -0.611184 1.469634 8.994194 
12.791992 -0.703487 -0.230204 -0.703487 31.716629 2.304169 -0.230204 2.304169 17.461380 
2.347748 -0.172726 -0.000177 -0.172726 35.436982 -0.058282 -0.000177 -0.058282 16.837722 
15.421986 1.469634 1.042394 1.469634 8.994194 7.841297 1.042394 7.841297 7.208432 
31.716629 2.304169 -0.296367 2.304169 17.461380 -0.412493 -0.296367 -0.412493 37.960686 
35.436982 -0.058282 1.547112 -0.058282 16.837722 -0.003019 1.547112 -0.003019 12.982732 
8.994194 7.841297 -0.201141 7.841297 7.208432 -0.126433 -0.201141 -0.126433 17.110461 
17.461380 -0.412493 -0.632362 -0.412493 37.960686 31.052990 -0.632362 31.052990 36.406376 
16.837722 -0.003019 0.089342 -0.003019 12.982732 0.771794 0.089342 0.771794 35.956345 
7.208432 -0.126433 0.478404 -0.126433 17.110461 0.178502 0.478404 0.178502 17.010429 
37.960686 31.052990 17.471421 31.052990 36.406376 29.992462 17.471421 29.992462 35.623242 
12.982732 0.771794 11.083758 0.771794 35.956345 0.230750 11.083758 0.230750 10.010249 
17.110461 0.178502 -0.043395 0.178502 17.010429 0.043694 -0.043395 0.043694 20.978173 
36.406376 29.992462 5.488377 29.992462 35.623242 1.322352 5.488377 1.322352 8.061258 
35.956345 0.230750 -0.211404 0.230750 10.010249 -1.730024 -0.211404 -1.730024 14.121947 
17.010429 0.043694 7.361455 0.043694 20.978173 -0.446246 7.361455 -0.446246 39.167405 
35.623242 1.322352 11.038122 1.322352 8.061258 6.169544 11.038122 6.169544 14.927441 
10.010249 -1.730024 4.028648 -1.730024 14.121947 -1.537621 4.028648 -1.537621 37.248552 
20.978173 -0.446246 0.043715 -0.446246 39.167405 -0.893362 0.043715 -0.893362 31.288310 
8.061258 6.169544 0.036537 6.169544 14.927441 0.028008 0.036537 0.028008 4.134497 
14.121947 -1.537621 -0.042588 -1.537621 37.248552 -0.035261 -0.042588 -0.035261 2.318204 
39.167405 -0.893362 0.033273 -0.893362 31.288310 -0.011753 0.033273 -0.011753 2.202551 
14.927441 0.028008 0.081701 0.028008 4.134497 0.008905 0.081701 0.008905 6.891393 
37.248552 -0.035261 0.026320 -0.035261 2.318204 -0.004198 0.026320 -0.004198 8.304824 
31.288310 -0.011753 -0.156919 -0.011753 2.202551 0.006262 -0.156919 0.006262 6.637242 
4.134497 0.008905 0.831901 0.008905 6.891393 0.001682 0.831901 0.001682 2.186310 
2.318204 -0.004198 -0.004474 -0.004198 8.304824 8.249264 -0.004474 8.249264 8.229691 
2.202551 0.006262 0.026954 0.006262 6.637242 -0.007797 0.026954 -0.007797 6.219597 
6.891393 0.001682 0.008810 0.001682 2.186310 0.903921 0.008810 0.903921 2.989149 
8.304824 8.249264 3.352326 8.249264 8.229691 3.571087 3.352326 3.571087 5.034240 
6.637242 -0.007797 0.003188 -0.007797 6.219597 2.622316 0.003188 2.622316 5.350503 
2.186310 0.903921 0.602506 0.903921 2.989149 -0.053898 0.602506 -0.053898 4.620947 
8.229691 3.571087 -0.284953 3.571087 5.034240 -0.069970 -0.284953 -0.069970 6.592350 
6.219597 2.622316 -0.075070 2.622316 5.350503 0.013683 -0.075070 0.013683 2.647512 
2.989149 -0.053898 0.225045 -0.053898 4.620947 3.221620 0.225045 3.221620 3.200732 
5.034240 -0.069970 2.361896 -0.069970 6.592350 2.990410 2.361896 2.990410 6.475548 
5.350503 0.013683 0.000063 0.013683 2.647512 2.441058 0.000063 2.441058 3.608643 
4.620947 3.221620 -0.004739 3.221620 3.200732 0.002346 -0.004739 0.002346 4.903036 
6.592350 2.990410 0.017831 2.990410 6.475548 0.001371 0.017831 0.001371 7.078653 
2.647512 2.441058 0.029465 2.441058 3.608643 0.214272 0.029465 0.214272 3.891556 
3.200732 0.002346 0.054493 0.002346 4.903036 -0.010005 0.054493 -0.010005 6.118303 
6.475548 0.001371 0.075016 0.001371 7.078653 0.028955 0.075016 0.028955 10.362779 
3.608643 0.214272 0.046676 0.214272 3.891556 0.009645 0.046676 0.009645 8.277804 
4.903036 -0.010005 -0.113094 -0.010005 6.118303 5.859069 -0.113094 5.859069 5.778895 
7.078653 0.028955 0.211717 0.028955 10.362779 0.004297 0.211717 0.004297 2.831945 
0.098035 0.097054 0.097117 0.097054 0.098031 0.096993 0.097117 0.096993 0.098028 
0.098028 0.097009 0.097010 0.097009 0.098030 0.097930 0.097010 0.097930 0.098030 
0.098028 0.096994 0.097202 0.096994 0.098038 0.097003 0.097202 0.097003 0.098031 
0.098031 0.096993 0.096992 0.096993 0.098028 0.097839 0.096992 0.097839 0.098028 
0.098030 0.097930 0.097764 0.097930 0.098030 0.097770 0.097764 0.097770 0.098030 
0.098038 0.097003 0.097019 0.097003 0.098031 0.097744 0.097019 0.097744 0.098030 
0.098028 0.097839 0.097063 0.097839 0.098028 0.097023 0.097063 0.097023 0.098036 
0.098030 0.097770 0.097143 0.097770 0.098030 0.097359 0.097143 0.097359 0.098029 
0.098031 0.097744 0.097125 0.097744 0.098030 0.097023 0.097125 0.097023 0.098029 
0.098028 0.097023 0.097212 0.097023 0.098036 0.097592 0.097212 0.097592 0.098033 
0.098030 0.097359 0.097772 0.097359 0.098029 0.097694 0.097772 0.097694 0.098031 
0.098030 0.097023 0.097050 0.097023 0.098029 0.097899 0.097050 0.097899 0.098028 
0.098036 0.097592 0.097215 0.097592 0.098033 0.097292 0.097215 0.097292 0.098031 
0.098029 0.097694 0.096995 0.097694 0.098031 0.096997 0.096995 0.096997 0.098037 
0.098029 0.097899 0.097062 0.097899 0.098028 0.097090 0.097062 0.097090 0.098034 
0.098033 0.097292 0.097409 0.097292 0.098031 0.097317 0.097409 0.097317 0.098028 
0.098031 0.096997 0.097086 0.096997 0.098037 0.097011 0.097086 0.097011 0.098033 
0.098028 0.097090 0.097006 0.097090 0.098034 0.097137 0.097006 0.097137 0.098031 
0.098031 0.097317 0.097260 0.097317 0.098028 0.097920 0.097260 0.097920 0.098028 
0.098037 0.097011 0.096996 0.097011 0.098033 0.097002 0.096996 0.097002 0.098032 
0.098034 0.097137 0.097153 0.097137 0.098031 0.097004 0.097153 0.097004 0.098028 
0.098028 0.097920 0.097000 0.097920 0.098028 0.096997 0.097000 0.096997 0.098033 
0.098033 0.097002 0.097017 0.097002 0.098032 0.097791 0.097017 0.097791 0.098034 
0.098031 0.097004 0.097137 0.097004 0.098028 0.097104 0.097137 0.097104 0.098035 
0.098028 0.096997 0.097156 0.096997 0.098033 0.097343 0.097156 0.097343 0.098030 
0.098032 0.097791 0.097499 0.097791 0.098034 0.097806 0.097499 0.097806 0.098035 
0.098028 0.097104 0.097908 0.097104 0.098035 0.097065 0.097908 0.097065 0.098029 
0.098033 0.097343 0.096996 0.097343 0.098030 0.096995 0.096996 0.096995 0.098037 
0.098034 0.097806 0.097365 0.097806 0.098035 0.097182 0.097365 0.097182 0.098029 
0.098035 0.097065 0.097176 0.097065 0.098029 0.097560 0.097176 0.097560 0.098029 
0.098030 0.096995 0.097136 0.096995 0.098037 0.096998 0.097136 0.096998 0.098037 
0.098035 0.097182 0.097258 0.097182 0.098029 0.097547 0.097258 0.097547 0.098031 
0.098029 0.097560 0.097309 0.097560 0.098029 0.097477 0.097309 0.097477 0.098032 
0.098037 0.096998 0.096995 0.096998 0.098037 0.097114 0.096995 0.097114 0.098031 
0.098029 0.097547 0.081552 0.097547 0.098031 0.081758 0.081552 0.081758 7.596552 
0.098029 0.097477 0.089938 0.097477 0.098032 0.089613 0.089938 0.089613 1.867789 
0.098037 0.097114 0.089675 0.097114 0.098031 0.089968 0.089675 0.089968 1.957093 
0.098031 0.081758 0.088263 0.081758 7.596552 1.730726 0.088263 1.730726 3.534276 
0.098032 0.089613 0.090408 0.089613 1.867789 -0.200015 0.090408 -0.200015 2.870748 
0.098031 0.089968 0.067785 0.089968 1.957093 0.064746 0.067785 0.064746 8.806903 
7.596552 1.730726 0.481224 1.730726 3.534276 0.006146 0.481224 0.006146 1.866377 
1.867789 -0.200015 -0.191581 -0.200015 2.870748 2.883223 -0.191581 2.883223 2.898021 
1.957093 0.064746 -0.411318 0.064746 8.806903 -0.253622 -0.411318 -0.253622 4.160284 
3.534276 0.006146 -0.063025 0.006146 1.866377 0.819286 -0.063025 0.819286 1.148581 
2.870748 2.883223 0.433687 2.883223 2.898021 0.424461 0.433687 0.424461 1.831376 
8.806903 -0.253622 0.984420 -0.253622 4.160284 0.207943 0.984420 0.207943 1.925272 
1.866377 0.819286 0.389015 0.819286 1.148581 -0.131833 0.389015 -0.131833 7.821806 
2.898021 0.424461 0.013522 0.424461 1.831376 0.783075 0.013522 0.783075 0.997286 
4.160284 0.207943 -0.162579 0.207943 1.925272 -0.177052 -0.162579 -0.177052 1.392296 
1.148581 -0.131833 -0.015311 -0.131833 7.821806 6.416687 -0.015311 6.416687 7.430944 
1.831376 0.783075 1.455358 0.783075 0.997286 0.987261 1.455358 0.987261 1.400136 
1.925272 -0.177052 -0.001861 -0.177052 1.392296 1.192993 -0.001861 1.192993 1.136600 
7.821806 6.416687 1.400055 6.416687 7.430944 1.392222 1.400055 1.392222 1.682143 
0.997286 0.987261 -0.116525 0.987261 1.400136 -0.059047 -0.116525 -0.059047 9.972859 
1.392296 1.192993 -0.158756 1.192993 1.136600 -0.008425 -0.158756 -0.008425 7.477145 
7.430944 1.392222 0.191003 1.392222 1.682143 0.367522 0.191003 0.367522 1.224750 
1.400136 -0.059047 0.064513 -0.059047 9.972859 1.484003 0.064513 1.484003 3.335802 
1.136600 -0.008425 -0.082096 -0.008425 7.477145 0.208740 -0.082096 0.208740 2.804663 
1.682143 0.367522 0.305042 0.367522 1.224750 1.132132 0.305042 1.132132 1.076950 
9.972859 1.484003 0.765095 1.484003 3.335802 -0.154983 0.765095 -0.154983 7.545719 
7.477145 0.208740 0.511330 0.208740 2.804663 -0.176752 0.511330 -0.176752 1.866623 
1.224750 1.132132 0.028267 1.132132 1.076950 0.003326 0.028267 0.003326 3.237812 
3.335802 -0.154983 0.004455 -0.154983 7.545719 7.025573 0.004455 7.025573 7.453117 
2.804663 -0.176752 0.268770 -0.176752 1.866623 0.458162 0.268770 0.458162 7.695795 
1.076950 0.003326 0.210312 0.003326 3.237812 0.450117 0.210312 0.450117 1.910501 
7.545719 7.025573 5.913339 7.025573 7.453117 7.111362 5.913339 7.111362 7.638233 
1.866623 0.458162 1.760494 0.458162 7.695795 0.208797 1.760494 0.208797 1.758100 
3.237812 0.450117 0.554897 0.450117 1.910501 -0.077224 0.554897 -0.077224 8.744192 
7.453117 7.111362 0.907337 7.111362 7.638233 0.590119 0.907337 0.590119 1.029938 
7.695795 0.208797 0.137866 0.208797 1.758100 -0.084174 0.137866 -0.084174 1.631928 
1.910501 -0.077224 1.479296 -0.077224 8.744192 0.058536 1.479296 0.058536 8.399289 
7.638233 0.590119 1.443037 0.590119 1.029938 0.942025 1.443037 0.942025 1.606164 
1.758100 -0.084174 0.512519 -0.084174 1.631928 0.094193 0.512519 0.094193 7.517689 
8.744192 0.058536 -0.251009 0.058536 8.399289 -0.032263 -0.251009 -0.032263 4.114540 
1.029938 0.942025 0.097332 0.942025 1.606164 0.140428 0.097332 0.140428 5.164814 
1.631928 0.094193 0.081721 0.094193 7.517689 0.219033 0.081721 0.219033 2.090045 
8.399289 -0.032263 0.096053 -0.032263 4.114540 -0.023454 0.096053 -0.023454 2.212657 
1.606164 0.140428 0.134858 0.140428 5.164814 0.039063 0.134858 0.039063 7.220314 
7.517689 0.219033 0.076842 0.219033 2.090045 0.045666 0.076842 0.045666 7.877323 
4.114540 -0.023454 -0.028705 -0.023454 2.212657 -0.048874 -0.028705 -0.048874 5.938433 
5.164814 0.039063 0.323946 0.039063 7.220314 0.067480 0.323946 0.067480 2.068466 
2.090045 0.045666 0.044570 0.045666 7.877323 7.753583 0.044570 7.753583 7.646617 
2.212657 -0.048874 -0.074320 -0.048874 5.938433 0.029126 -0.074320 0.029126 6.109518 
7.220314 0.067480 0.077307 0.067480 2.068466 0.673614 0.077307 0.673614 2.583385 
7.877323 7.753583 4.286720 7.753583 7.646617 4.379973 4.286720 4.379973 5.206285 
5.938433 0.029126 0.107924 0.029126 6.109518 2.596226 0.107924 2.596226 5.339843 
2.068466 0.673614 0.115702 0.673614 2.583385 -0.013981 0.115702 -0.013981 5.393898 
7.646617 4.379973 0.065735 4.379973 5.206285 0.581242 0.065735 0.581242 4.138896 
6.109518 2.596226 -0.093403 2.596226 5.339843 0.065302 -0.093403 0.065302 3.038149 
2.583385 -0.013981 -0.280494 -0.013981 5.393898 3.233929 -0.280494 3.233929 5.194819 
5.206285 0.581242 3.420726 0.581242 4.138896 2.866264 3.420726 2.866264 5.133149 
5.339843 0.065302 -0.042834 0.065302 3.038149 2.176080 -0.042834 2.176080 2.373592 
5.393898 3.233929 0.181154 3.233929 5.194819 0.121867 0.181154 0.121867 5.057983 
4.138896 2.866264 0.024694 2.866264 5.133149 0.017289 0.024694 0.017289 6.659962 
3.038149 2.176080 -0.193289 2.176080 2.373592 -0.109044 -0.193289 -0.109044 5.112491 
5.194819 0.121867 0.165824 0.121867 5.057983 0.284876 0.165824 0.284876 3.576614 
5.133149 0.017289 -0.135373 0.017289 6.659962 0.094537 -0.135373 0.094537 9.715440 
2.373592 -0.109044 0.018249 -0.109044 5.112491 -0.074673 0.018249 -0.074673 8.038430 
5.057983 0.284876 0.141439 0.284876 3.576614 3.401478 0.141439 3.401478 3.292904 
6.659962 0.094537 -0.209945 0.094537 9.715440 0.036211 -0.209945 0.036211 5.322165 
0.098035 0.097054 0.097117 0.097054 0.098031 0.096993 0.097117 0.096993 0.098028 
0.098028 0.097009 0.097010 0.097009 0.098030 0.097930 0.097010 0.097930 0.098030 
0.098028 0.096994 0.097202 0.096994 0.098038 0.097003 0.097202 0.097003 0.098031 
0.098031 0.096993 0.096992 0.096993 0.098028 0.097839 0.096992 0.097839 0.098028 
0.098030 0.097930 0.097764 0.097930 0.098030 0.097770 0.097764 0.097770 0.098030 
0.098038 0.097003 0.097019 0.097003 0.098031 0.097744 0.097019 0.097744 0.098030 
0.098028 0.097839 0.097063 0.097839 0.098028 0.097023 0.097063 0.097023 0.098036 
0.098030 0.097770 0.097143 0.097770 0.098030 0.097359 0.097143 0.097359 0.098029 
0.098031 0.097744 0.097125 0.097744 0.098030 0.097023 0.097125 0.097023 0.098029 
0.098028 0.097023 0.097212 0.097023 0.098036 0.097592 0.097212 0.097592 0.098033 
0.098030 0.097359 0.097772 0.097359 0.098029 0.097694 0.097772 0.097694 0.098031 
0.098030 0.097023 0.097050 0.097023 0.098029 0.097899 0.097050 0.097899 0.098028 
0.098036 0.097592 0.097215 0.097592 0.098033 0.097292 0.097215 0.097292 0.098031 
0.098029 0.097694 0.096995 0.097694 0.098031 0.096997 0.096995 0.096997 0.098037 
0.098029 0.097899 0.097062 0.097899 0.098028 0.097090 0.097062 0.097090 0.098034 
0.098033 0.097292 0.097409 0.097292 0.098031 0.097317 0.097409 0.097317 0.098028 
0.098031 0.096997 0.097086 0.096997 0.098037 0.097011 0.097086 0.097011 0.098033 
0.098028 0.097090 0.097006 0.097090 0.098034 0.097137 0.097006 0.097137 0.098031 
0.098031 0.097317 0.097260 0.097317 0.098028 0.097920 0.097260 0.097920 0.098028 
0.098037 0.097011 0.096996 0.097011 0.098033 0.097002 0.096996 0.097002 0.098032 
0.098034 0.097137 0.097153 0.097137 0.098031 0.097004 0.097153 0.097004 0.098028 
0.098028 0.097920 0.097000 0.097920 0.098028 0.096997 0.097000 0.096997 0.098033 
0.098033 0.097002 0.097017 0.097002 0.098032 0.097791 0.097017 0.097791 0.098034 
0.098031 0.097004 0.097137 0.097004 0.098028 0.097104 0.097137 0.097104 0.098035 
0.098028 0.096997 0.097156 0.096997 0.098033 0.097343 0.097156 0.097343 0.098030 
0.098032 0.097791 0.097499 0.097791 0.098034 0.097806 0.097499 0.097806 0.098035 
0.098028 0.097104 0.097908 0.097104 0.098035 0.097065 0.097908 0.097065 0.098029 
0.098033 0.097343 0.096996 0.097343 0.098030 0.096995 0.096996 0.096995 0.098037 
0.098034 0.097806 0.097365 0.097806 0.098035 0.097182 0.097365 0.097182 0.098029 
0.098035 0.097065 0.097176 0.097065 0.098029 0.097560 0.097176 0.097560 0.098029 
0.098030 0.096995 0.097136 0.096995 0.098037 0.096998 0.097136 0.096998 0.098037 
0.098035 0.097182 0.097258 0.097182 0.098029 0.097547 0.097258 0.097547 0.098031 
0.098029 0.097560 0.097309 0.097560 0.098029 0.097477 0.097309 0.097477 0.098032 
0.098037 0.096998 0.096995 0.096998 0.098037 0.097114 0.096995 0.097114 0.098031 
0.098029 0.097547 0.081552 0.097547 0.098031 0.081758 0.081552 0.081758 7.596552 
0.098029 0.097477 0.089938 0.097477 0.098032 0.089613 0.089938 0.089613 1.867789 
0.098037 0.097114 0.089675 0.097114 0.098031 0.089968 0.089675 0.089968 1.957093 
0.098031 0.081758 0.088263 0.081758 7.596552 1.730726 0.088263 1.730726 3.534276 
0.098032 0.089613 0.090408 0.089613 1.867789 -0.200015 0.090408 -0.200015 2.870748 
0.098031 0.089968 0.067785 0.089968 1.957093 0.064746 0.067785 0.064746 8.806903 
7.596552 1.730726 0.481224 1.730726 3.534276 0.006146 0.481224 0.006146 1.866377 
1.867789 -0.200015 -0.191581 -0.200015 2.870748 2.883223 -0.191581 2.883223 2.898021 
1.957093 0.064746 -0.411318 0.064746 8.806903 -0.253622 -0.411318 -0.253622 4.160284 
3.534276 0.006146 -0.063025 0.006146 1.866377 0.819286 -0.063025 0.819286 1.148581 
2.870748 2.883223 0.433687 2.883223 2.898021 0.424461 0.433687 0.424461 1.831376 
8.806903 -0.253622 0.984420 -0.253622 4.160284 0.207943 0.984420 0.207943 1.925272 
1.866377 0.819286 0.389015 0.819286 1.148581 -0.131833 0.389015 -0.131833 7.821806 
2.898021 0.424461 0.013522 0.424461 1.831376 0.783075 0.013522 0.783075 0.997286 
4.160284 0.207943 -0.162579 0.207943 1.925272 -0.177052 -0.162579 -0.177052 1.392296 
1.148581 -0.131833 -0.015311 -0.131833 7.821806 6.416687 -0.015311 6.416687 7.430944 
1.831376 0.783075 1.455358 0.783075 0.997286 0.987261 1.455358 0.987261 1.400136 
1.925272 -0.177052 -0.001861 -0.177052 1.392296 1.192993 -0.001861 1.192993 1.136600 
7.821806 6.416687 1.400055 6.416687 7.430944 1.392222 1.400055 1.392222 1.682143 
0.997286 0.987261 -0.116525 0.987261 1.400136 -0.059047 -0.116525 -0.059047 9.972859 
1.392296 1.192993 -0.158756 1.192993 1.136600 -0.008425 -0.158756 -0.008425 7.477145 
7.430944 1.392222 0.191003 1.392222 1.682143 0.367522 0.191003 0.367522 1.224750 
1.400136 -0.059047 0.064513 -0.059047 9.972859 1.484003 0.064513 1.484003 3.335802 
1.136600 -0.008425 -0.082096 -0.008425 7.477145 0.208740 -0.082096 0.208740 2.804663 
1.682143 0.367522 0.305042 0.367522 1.224750 1.132132 0.305042 1.132132 1.076950 
9.972859 1.484003 0.765095 1.484003 3.335802 -0.154983 0.765095 -0.154983 7.545719 
7.477145 0.208740 0.511330 0.208740 2.804663 -0.176752 0.511330 -0.176752 1.866623 
1.224750 1.132132 0.028267 1.132132 1.076950 0.003326 0.028267 0.003326 3.237812 
3.335802 -0.154983 0.004455 -0.154983 7.545719 7.025573 0.004455 7.025573 7.453117 
2.804663 -0.176752 0.268770 -0.176752 1.866623 0.458162 0.268770 0.458162 7.695795 
1.076950 0.003326 0.210312 0.003326 3.237812 0.450117 0.210312 0.450117 1.910501 
7.545719 7.025573 5.913339 7.025573 7.453117 7.111362 5.913339 7.111362 7.638233 
1.866623 0.458162 1.760494 0.458162 7.695795 0.208797 1.760494 0.208797 1.758100 
3.237812 0.450117 0.554897 0.450117 1.910501 -0.077224 0.554897 -0.077224 8.744192 
7.453117 7.111362 0.907337 7.111362 7.638233 0.590119 0.907337 0.590119 1.029938 
7.695795 0.208797 0.137866 0.208797 1.758100 -0.084174 0.137866 -0.084174 1.631928 
1.910501 -0.077224 1.479296 -0.077224 8.744192 0.058536 1.479296 0.058536 8.399289 
7.638233 0.590119 1.443037 0.590119 1.029938 0.942025 1.443037 0.942025 1.606164 
1.758100 -0.084174 0.512519 -0.084174 1.631928 0.094193 0.512519 0.094193 7.517689 
8.744192 0.058536 -0.251009 0.058536 8.399289 -0.032263 -0.251009 -0.032263 4.114540 
1.029938 0.942025 0.097332 0.942025 1.606164 0.140428 0.097332 0.140428 5.164814 
1.631928 0.094193 0.081721 0.094193 7.517689 0.219033 0.081721 0.219033 2.090045 
8.399289 -0.032263 0.096053 -0.032263 4.114540 -0.023454 0.096053 -0.023454 2.212657 
1.606164 0.140428 0.134858 0.140428 5.164814 0.039063 0.134858 0.039063 7.220314 
7.517689 0.219033 0.076842 0.219033 2.090045 0.045666 0.076842 0.045666 7.877323 
4.114540 -0.023454 -0.028705 -0.023454 2.212657 -0.048874 -0.028705 -0.048874 5.938433 
5.164814 0.039063 0.323946 0.039063 7.220314 0.067480 0.323946 0.067480 2.068466 
2.090045 0.045666 0.044570 0.045666 7.877323 7.753583 0.044570 7.753583 7.646617 
2.212657 -0.048874 -0.074320 -0.048874 5.938433 0.029126 -0.074320 0.029126 6.109518 
7.220314 0.067480 0.077307 0.067480 2.068466 0.673614 0.077307 0.673614 2.583385 
7.877323 7.753583 4.286720 7.753583 7.646617 4.379973 4.286720 4.379973 5.206285 
5.938433 0.029126 0.107924 0.029126 6.109518 2.596226 0.107924 2.596226 5.339843 
2.068466 0.673614 0.115702 0.673614 2.583385 -0.013981 0.115702 -0.013981 5.393898 
7.646617 4.379973 0.065735 4.379973 5.206285 0.581242 0.065735 0.581242 4.138896 
6.109518 2.596226 -0.093403 2.596226 5.339843 0.065302 -0.093403 0.065302 3.038149 
2.583385 -0.013981 -0.280494 -0.013981 5.393898 3.233929 -0.280494 3.233929 5.194819 
5.206285 0.581242 3.420726 0.581242 4.138896 2.866264 3.420726 2.866264 5.133149 
5.339843 0.065302 -0.042834 0.065302 3.038149 2.176080 -0.042834 2.176080 2.373592 
5.393898 3.233929 0.181154 3.233929 5.194819 0.121867 0.181154 0.121867 5.057983 
4.138896 2.866264 0.024694 2.866264 5.133149 0.017289 0.024694 0.017289 6.659962 
3.038149 2.176080 -0.193289 2.176080 2.373592 -0.109044 -0.193289 -0.109044 5.112491 
5.194819 0.121867 0.165824 0.121867 5.057983 0.284876 0.165824 0.284876 3.576614 
5.133149 0.017289 -0.135373 0.017289 6.659962 0.094537 -0.135373 0.094537 9.715440 
2.373592 -0.109044 0.018249 -0.109044 5.112491 -0.074673 0.018249 -0.074673 8.038430 
5.057983 0.284876 0.141439 0.284876 3.576614 3.401478 0.141439 3.401478 3.292904 
6.659962 0.094537 -0.209945 0.094537 9.715440 0.036211 -0.209945 0.036211 5.322165 
0.211919 0.206695 0.202531 0.206695 0.211913 0.201921 0.202531 0.201921 0.211862 
0.211864 0.202173 0.202179 0.202173 0.211886 0.211785 0.202179 0.211785 0.211886 
0.211861 0.201899 0.205198 0.201899 0.212004 0.202207 0.205198 0.202207 0.211865 
0.211913 0.201921 0.201883 0.201921 0.211862 0.211071 0.201883 0.211071 0.211877 
0.211886 0.211785 0.209997 0.211785 0.211886 0.210025 0.209997 0.210025 0.211872 
0.212004 0.202207 0.202909 0.202207 0.211865 0.210329 0.202909 0.210329 0.211874 
0.211862 0.211071 0.202181 0.211071 0.211877 0.201988 0.202181 0.201988 0.211929 
0.211886 0.210025 0.203344 0.210025 0.211872 0.205963 0.203344 0.205963 0.211850 
0.211865 0.210329 0.203306 0.210329 0.211874 0.202274 0.203306 0.202274 0.211885 
0.211877 0.201988 0.203464 0.201988 0.211929 0.207340 0.203464 0.207340 0.211897 
0.211872 0.205963 0.210218 0.205963 0.211850 0.209367 0.210218 0.209367 0.211862 
0.211874 0.202274 0.202546 0.202274 0.211885 0.211562 0.202546 0.211562 0.211870 
0.211929 0.207340 0.207071 0.207340 0.211897 0.209504 0.207071 0.209504 0.211869 
0.211850 0.209367 0.201905 0.209367 0.211862 0.201936 0.201905 0.201936 0.212033 
0.211885 0.211562 0.202214 0.211562 0.211870 0.202425 0.202214 0.202425 0.211912 
0.211897 0.209504 0.206346 0.209504 0.211869 0.205716 0.206346 0.205716 0.211850 
0.211862 0.201936 0.202730 0.201936 0.212033 0.204696 0.202730 0.204696 0.211941 
0.211870 0.202425 0.201996 0.202425 0.211912 0.208042 0.201996 0.208042 0.211890 
0.211869 0.205716 0.204998 0.205716 0.211850 0.211651 0.204998 0.211651 0.211852 
0.212033 0.204696 0.201939 0.204696 0.211941 0.202288 0.201939 0.202288 0.211888 
0.211912 0.208042 0.202800 0.208042 0.211890 0.202095 0.202800 0.202095 0.211864 
0.211850 0.211651 0.201937 0.211651 0.211852 0.201910 0.201937 0.201910 0.211937 
0.211941 0.202288 0.203388 0.202288 0.211888 0.209874 0.203388 0.209874 0.211904 
0.211890 0.202095 0.208500 0.202095 0.211864 0.202445 0.208500 0.202445 0.211920 
0.211852 0.201910 0.203794 0.201910 0.211937 0.205306 0.203794 0.205306 0.211874 
0.211888 0.209874 0.206262 0.209874 0.211904 0.210066 0.206262 0.210066 0.211922 
0.211864 0.202445 0.211489 0.202445 0.211920 0.202190 0.211489 0.202190 0.211874 
0.211937 0.205306 0.201929 0.205306 0.211874 0.201897 0.201929 0.201897 0.211996 
0.211904 0.210066 0.206341 0.210066 0.211922 0.203691 0.206341 0.203691 0.211851 
0.211920 0.202190 0.203584 0.202190 0.211874 0.208809 0.203584 0.208809 0.211850 
0.211874 0.201897 0.205588 0.201897 0.211996 0.201936 0.205588 0.201936 0.211957 
0.211922 0.203691 0.207664 0.203691 0.211851 0.207906 0.207664 0.207906 0.211868 
0.211874 0.208809 0.204174 0.208809 0.211850 0.207802 0.204174 0.207802 0.211894 
0.211996 0.201936 0.201893 0.201936 0.211957 0.203776 0.201893 0.203776 0.211866 
0.211851 0.207906 0.187644 0.207906 0.211868 0.185108 0.187644 0.185108 8.818938 
0.211850 0.207802 0.168260 0.207802 0.211894 0.164428 0.168260 0.164428 6.624259 
0.211957 0.203776 0.163420 0.203776 0.211866 0.163965 0.163420 0.163965 6.710385 
0.211868 0.185108 0.174301 0.185108 8.818938 -0.288678 0.174301 -0.288678 8.646818 
0.211894 0.164428 0.169563 0.164428 6.624259 0.129457 0.169563 0.129457 8.569352 
0.211866 0.163965 0.065218 0.163965 6.710385 -0.035006 0.065218 -0.035006 31.574073 
8.818938 -0.288678 0.067224 -0.288678 8.646818 0.509652 0.067224 0.509652 6.682134 
6.624259 0.129457 0.131051 0.129457 8.569352 8.568746 0.131051 8.568746 8.591383 
6.710385 -0.035006 0.119077 -0.035006 31.574073 0.145018 0.119077 0.145018 10.107849 
8.646818 0.509652 -0.088785 0.509652 6.682134 -0.017478 -0.088785 -0.017478 1.822748 
8.569352 8.568746 0.141317 8.568746 8.591383 0.147413 0.141317 0.147413 3.523394 
31.574073 0.145018 0.021996 0.145018 10.107849 0.121355 0.021996 0.121355 3.789944 
6.682134 -0.017478 0.443475 -0.017478 1.822748 0.526401 0.443475 0.526401 9.640349 
8.591383 0.147413 0.175269 0.147413 3.523394 0.901815 0.175269 0.901815 2.023955 
10.107849 0.121355 0.149557 0.121355 3.789944 -0.010650 0.149557 -0.010650 1.690170 
1.822748 0.526401 1.417186 0.526401 9.640349 3.891949 1.417186 3.891949 6.083018 
3.523394 0.901815 2.523783 0.901815 2.023955 1.805824 2.523783 1.805824 2.838392 
3.789944 -0.010650 0.070128 -0.010650 1.690170 1.548528 0.070128 1.548528 1.837413 
9.640349 3.891949 0.805266 3.891949 6.083018 0.419196 0.805266 0.419196 3.296916 
2.023955 1.805824 0.135506 1.805824 2.838392 -0.059887 0.135506 -0.059887 32.260317 
1.690170 1.548528 0.421178 1.548528 1.837413 -0.063997 0.421178 -0.063997 8.264472 
6.083018 0.419196 0.281834 0.419196 3.296916 0.755999 0.281834 0.755999 3.497185 
2.838392 -0.059887 0.170553 -0.059887 32.260317 1.397217 0.170553 1.397217 9.507893 
1.837413 -0.063997 0.158148 -0.063997 8.264472 0.157604 0.158148 0.157604 8.578544 
3.296916 0.755999 0.993082 0.755999 3.497185 3.098542 0.993082 3.098542 3.331389 
32.260317 1.397217 0.179130 1.397217 9.507893 0.159230 0.179130 0.159230 5.473261 
8.264472 0.157604 -0.072164 0.157604 8.578544 0.128686 -0.072164 0.128686 6.705411 
3.497185 3.098542 0.146672 3.098542 3.331389 0.156282 0.146672 0.156282 9.412065 
9.507893 0.159230 0.178790 0.159230 5.473261 4.108279 0.178790 4.108279 7.137750 
8.578544 0.128686 0.144989 0.128686 6.705411 0.080124 0.144989 0.080124 8.926714 
3.331389 0.156282 0.935958 0.156282 9.412065 0.140294 0.935958 0.140294 3.655659 
5.473261 4.108279 2.180267 4.108279 7.137750 6.052719 2.180267 6.052719 8.967504 
6.705411 0.080124 6.398561 0.080124 8.926714 -0.080149 6.398561 -0.080149 6.180730 
9.412065 0.140294 3.207604 0.140294 3.655659 0.115449 3.207604 0.115449 13.847913 
7.137750 6.052719 1.249142 6.052719 8.967504 0.453387 1.249142 0.453387 2.129902 
8.926714 -0.080149 0.286844 -0.080149 6.180730 0.539865 0.286844 0.539865 6.656188 
3.655659 0.115449 0.403382 0.115449 13.847913 0.113572 0.403382 0.113572 13.659298 
8.967504 0.453387 1.089847 0.453387 2.129902 1.388116 1.089847 1.388116 3.085665 
6.180730 0.539865 1.420374 0.539865 6.656188 0.028680 1.420374 0.028680 5.702341 
13.847913 0.113572 -0.239066 0.113572 13.659298 0.264149 -0.239066 0.264149 10.012390 
2.129902 1.388116 0.261009 1.388116 3.085665 0.330203 0.261009 0.330203 9.598677 
6.656188 0.028680 0.391302 0.028680 5.702341 1.260013 0.391302 1.260013 9.291826 
13.659298 0.264149 1.305080 0.264149 10.012390 0.139858 1.305080 0.139858 8.445080 
3.085665 0.330203 0.206565 0.330203 9.598677 0.144438 0.206565 0.144438 25.070227 
5.702341 1.260013 0.133365 1.260013 9.291826 0.139845 0.133365 0.139845 50.071081 
10.012390 0.139858 0.138355 0.139858 8.445080 2.455159 0.138355 2.455159 21.987111 
9.598677 0.144438 4.597285 0.144438 25.070227 0.143659 4.597285 0.143659 8.311132 
9.291826 0.139845 0.139596 0.139845 50.071081 50.098933 0.139596 50.098933 50.430204 
8.445080 2.455159 0.180465 2.455159 21.987111 0.117825 0.180465 0.117825 27.697984 
25.070227 0.143659 0.135933 0.143659 8.311132 -0.110519 0.135933 -0.110519 11.792001 
50.071081 50.098933 10.653361 50.098933 50.430204 11.992224 10.653361 11.992224 21.619221 
21.987111 0.117825 0.129457 0.117825 27.697984 5.495209 0.129457 5.495209 24.303628 
8.311132 -0.110519 4.005259 -0.110519 11.792001 0.295071 4.005259 0.295071 10.613543 
50.430204 11.992224 0.448579 11.992224 21.619221 -0.445831 0.448579 -0.445831 28.222388 
27.697984 5.495209 0.149924 5.495209 24.303628 0.156184 0.149924 0.156184 7.724420 
11.792001 0.295071 -0.020968 0.295071 10.613543 8.477235 -0.020968 8.477235 8.288722 
21.619221 -0.445831 3.804832 -0.445831 28.222388 5.537111 3.804832 5.537111 33.207578 
24.303628 0.156184 0.281332 0.156184 7.724420 7.491627 0.281332 7.491627 20.194246 
10.613543 8.477235 0.149713 8.477235 8.288722 0.151059 0.149713 0.151059 21.348089 
28.222388 5.537111 0.317320 5.537111 33.207578 0.057916 0.317320 0.057916 26.489720 
7.724420 7.491627 1.431360 7.491627 20.194246 0.095456 1.431360 0.095456 8.965179 
8.288722 0.151059 -0.469627 0.151059 21.348089 -0.220787 -0.469627 -0.220787 35.390591 
33.207578 0.057916 0.411758 0.057916 26.489720 0.095177 0.411758 0.095177 56.275298 
20.194246 0.095456 0.053111 0.095456 8.965179 0.143878 0.053111 0.143878 46.424216 
21.348089 -0.220787 -0.035643 -0.220787 35.390591 35.985772 -0.035643 35.985772 38.206073 
26.489720 0.095177 5.795438 0.095177 56.275298 0.101650 5.795438 0.101650 7.759827 
0.153854 0.150904 0.151596 0.150904 0.153858 0.149955 0.151596 0.149955 0.153846 
0.153847 0.150424 0.150447 0.150424 0.153846 0.153746 0.150447 0.153746 0.153846 
0.153846 0.150023 0.151871 0.150023 0.153878 0.150670 0.151871 0.150670 0.153833 
0.153858 0.149955 0.149918 0.149955 0.153846 0.153598 0.149918 0.153598 0.153847 
0.153846 0.153746 0.153447 0.153746 0.153846 0.153463 0.153447 0.153463 0.153837 
0.153878 0.150670 0.150910 0.150670 0.153833 0.153468 0.150910 0.153468 0.153838 
0.153846 0.153598 0.151249 0.153598 0.153847 0.150832 0.151249 0.150832 0.153858 
0.153846 0.153463 0.151696 0.153463 0.153837 0.152579 0.151696 0.152579 0.153833 
0.153833 0.153468 0.151624 0.153468 0.153838 0.150836 0.151624 0.150836 0.153850 
0.153847 0.150832 0.152011 0.150832 0.153858 0.153204 0.152011 0.153204 0.153848 
0.153837 0.152579 0.153476 0.152579 0.153833 0.153338 0.153476 0.153338 0.153831 
0.153838 0.150836 0.151157 0.150836 0.153850 0.153703 0.151157 0.153703 0.153845 
0.153858 0.153204 0.151866 0.153204 0.153848 0.152090 0.151866 0.152090 0.153834 
0.153833 0.153338 0.149867 0.153338 0.153831 0.150172 0.149867 0.150172 0.153888 
0.153850 0.153703 0.151245 0.153703 0.153845 0.151451 0.151245 0.151451 0.153852 
0.153848 0.152090 0.152525 0.152090 0.153834 0.152491 0.152525 0.152491 0.153835 
0.153831 0.150172 0.151340 0.150172 0.153888 0.150419 0.151340 0.150419 0.153867 
0.153845 0.151451 0.150440 0.151451 0.153852 0.151302 0.150440 0.151302 0.153848 
0.153834 0.152491 0.152304 0.152491 0.153835 0.153724 0.152304 0.153724 0.153837 
0.153888 0.150419 0.150359 0.150419 0.153867 0.150122 0.150359 0.150122 0.153846 
0.153852 0.151302 0.151767 0.151302 0.153848 0.150322 0.151767 0.150322 0.153847 
0.153835 0.153724 0.150240 0.153724 0.153837 0.150129 0.150240 0.150129 0.153865 
0.153867 0.150122 0.150365 0.150122 0.153846 0.153541 0.150365 0.153541 0.153850 
0.153848 0.150322 0.151289 0.150322 0.153847 0.151524 0.151289 0.151524 0.153855 
0.153837 0.150129 0.151872 0.150129 0.153865 0.152481 0.151872 0.152481 0.153838 
0.153846 0.153541 0.153016 0.153541 0.153850 0.153566 0.153016 0.153566 0.153855 
0.153847 0.151524 0.153720 0.151524 0.153855 0.151260 0.153720 0.151260 0.153849 
0.153865 0.152481 0.149631 0.152481 0.153838 0.149393 0.149631 0.149393 0.153907 
0.153850 0.153566 0.152426 0.153566 0.153855 0.151874 0.152426 0.151874 0.153832 
0.153855 0.151260 0.151818 0.151260 0.153849 0.152991 0.151818 0.152991 0.153833 
0.153838 0.149393 0.151523 0.149393 0.153907 0.149390 0.151523 0.149390 0.153866 
0.153855 0.151874 0.152019 0.151874 0.153832 0.153041 0.152019 0.153041 0.153834 
0.153849 0.152991 0.152300 0.152991 0.153833 0.152639 0.152300 0.152639 0.153847 
0.153907 0.149390 0.149375 0.149390 0.153866 0.151410 0.149375 0.151410 0.153833 
0.153832 0.153041 0.111673 0.153041 0.153834 0.111632 0.111673 0.111632 29.647263 
0.153833 0.152639 0.108187 0.152639 0.153847 0.107611 0.108187 0.107611 19.226893 
0.153866 0.151410 0.106629 0.151410 0.153833 0.107538 0.106629 0.107538 19.302829 
0.153834 0.111632 0.129896 0.111632 29.647263 -0.421038 0.129896 -0.421038 13.828642 
0.153847 0.107611 0.127787 0.107611 19.226893 0.100740 0.127787 0.100740 12.504235 
0.153833 0.107538 0.039490 0.107538 19.302829 0.066522 0.039490 0.066522 47.901846 
29.647263 -0.421038 0.811162 -0.421038 13.828642 0.082371 0.811162 0.082371 19.364755 
19.226893 0.100740 0.100720 0.100740 12.504235 12.483967 0.100720 12.483967 12.601129 
19.302829 0.066522 0.099385 0.066522 47.901846 0.071193 0.099385 0.071193 16.151393 
13.828642 0.082371 0.163188 0.082371 19.364755 -1.218880 0.163188 -1.218880 4.028857 
12.504235 12.483967 0.124682 12.483967 12.601129 0.124462 0.124682 0.124462 8.276098 
47.901846 0.071193 -0.342216 0.071193 16.151393 0.117251 -0.342216 0.117251 9.369414 
19.364755 -1.218880 -0.016286 -1.218880 4.028857 0.053179 -0.016286 0.053179 29.649237 
12.601129 0.124462 0.125597 0.124462 8.276098 0.191280 0.125597 0.191280 4.325363 
16.151393 0.117251 0.115748 0.117251 9.369414 0.217221 0.115748 0.217221 2.411296 
4.028857 0.053179 1.491259 0.053179 29.649237 2.171754 1.491259 2.171754 22.249082 
8.276098 0.191280 4.434893 0.191280 4.325363 2.708785 4.434893 2.708785 12.110298 
9.369414 0.217221 0.196226 0.217221 2.411296 1.935964 0.196226 1.935964 2.821972 
29.649237 2.171754 1.273472 2.171754 22.249082 0.411080 1.273472 0.411080 9.219688 
4.325363 2.708785 0.044286 2.708785 12.110298 0.048679 0.044286 0.048679 40.583284 
2.411296 1.935964 -0.255052 1.935964 2.821972 -0.311494 -0.255052 -0.311494 30.521571 
22.249082 0.411080 0.038537 0.411080 9.219688 -0.682951 0.038537 -0.682951 10.094832 
12.110298 0.048679 0.117064 0.048679 40.583284 0.186500 0.117064 0.186500 17.314208 
2.821972 -0.311494 0.124401 -0.311494 30.521571 0.102686 0.124401 0.102686 12.674221 
9.219688 -0.682951 1.559900 -0.682951 10.094832 5.678243 1.559900 5.678243 8.085959 
40.583284 0.186500 0.052639 0.186500 17.314208 0.109516 0.052639 0.109516 21.128030 
30.521571 0.102686 1.329758 0.102686 12.674221 0.100417 1.329758 0.100417 19.454632 
10.094832 5.678243 0.122632 5.678243 8.085959 0.119225 0.122632 0.119225 16.910049 
17.314208 0.109516 0.102998 0.109516 21.128030 7.259229 0.102998 7.259229 27.113349 
12.674221 0.100417 0.102538 0.100417 19.454632 0.709242 0.102538 0.709242 29.434995 
8.085959 0.119225 1.264975 0.119225 16.910049 0.122069 1.264975 0.122069 8.692792 
21.128030 7.259229 0.606657 7.259229 27.113349 9.724660 0.606657 9.724660 27.815070 
19.454632 0.709242 18.500051 0.709242 29.434995 0.734584 18.500051 0.734584 18.021612 
16.910049 0.122069 1.844913 0.122069 8.692792 0.088327 1.844913 0.088327 18.307495 
27.113349 9.724660 3.382732 9.724660 27.815070 0.098077 3.382732 0.098077 4.736132 
29.434995 0.734584 -0.584682 0.734584 18.021612 0.103884 -0.584682 0.103884 14.755298 
8.692792 0.088327 0.199693 0.088327 18.307495 0.083004 0.199693 0.083004 33.332117 
27.815070 0.098077 3.143000 0.098077 4.736132 1.323306 3.143000 1.323306 9.001390 
18.021612 0.103884 -0.363171 0.103884 14.755298 0.161696 -0.363171 0.161696 21.921216 
18.307495 0.083004 -0.353857 0.083004 33.332117 0.093668 -0.353857 0.093668 15.920073 
4.736132 1.323306 0.216397 1.323306 9.001390 0.396151 0.216397 0.396151 14.504602 
14.755298 0.161696 0.118529 0.161696 21.921216 0.386313 0.118529 0.386313 3.471553 
33.332117 0.093668 0.175395 0.093668 15.920073 0.114498 0.175395 0.114498 3.712966 
9.001390 0.396151 0.105455 0.396151 14.504602 -0.096063 0.105455 -0.096063 19.193679 
